$coord
         -0.762399528307         -0.515905155630         -0.317936372441     fe
         -3.196418772629         -2.572548020290          0.271799384346     c 
         -4.841150307174         -3.987208492815          0.683297317932     o 
         -3.049693536074          1.525148966809         -3.176834924997     p 
         -4.589792386751          3.840209755335         -1.222792142686     c 
         -3.798551704536          3.727850997426          1.249981344793     c 
         -1.902609077852          2.144469025371          2.013495361834     n 
         -1.676338959230          1.326739631570          4.646672082754     c 
          0.895670347720          0.008708925688          4.869341828590     c 
          1.208720927349         -1.530867480568          2.609923515628     n 
          2.856856791579         -3.452419943701          2.425465252594     c 
          3.253996744841         -4.758143392457          0.179310409714     c 
          1.329577353769         -3.572470101638         -2.315146523468     p 
         -0.037910874285         -5.618154699091         -3.424470836870     h 
          2.875271159819         -3.071665931780         -4.474887573710     h 
          4.515829266082         -6.388199564512          0.057351877585     h 
          3.925727151357         -3.986867068862          4.135779986868     h 
          1.005145641984         -1.133569653240          6.621238709460     h 
          2.399787541108          1.478330043405          4.998558972424     h 
         -1.813133747016          2.945313075834          5.970731700079     h 
         -3.201997453089         -0.028834393994          5.132622145012     h 
         -4.636406793267          4.988004723517          2.684804282402     h 
         -5.941048480484          5.254108898416         -1.890147691727     h 
         -4.967543229928          0.346175467096         -4.653109286191     h 
         -1.829879633302          2.843705642988         -5.191953433240     h 
          1.942029639660          2.433014402077         -0.950076434269     o 
          4.609720417101          2.379988247008         -0.294330368775     c 
          6.081050033349          1.624408073935         -2.648013377717     c 
          5.562384244050         -0.295227266353         -3.257754625070     h 
          8.125841472829          1.634877299208         -2.240232636349     h 
          5.699985138019          2.957056457631         -4.207341599439     h 
          5.350171295688          4.981478896876          0.717806744209     c 
          7.360580495309          5.001933942575          1.273160405433     h 
          5.045071789349          6.447985123758         -0.734969513820     h 
          4.215984759531          5.473315968572          2.400608770005     h 
          4.885155807008          0.934635884876          1.188716097733     h 
          0.956655629153          3.178853372701          0.492167477970     h 
$end
