           2           1   1.2684054182829341     
           3           1  0.32356325981764034     
           3           2   2.1214866375100905     
           4           1  0.74660329725916630     
           4           2   6.7378455276626475E-002
           4           3   1.8711014531552300E-002
           5           1   2.4745718072142056E-002
           5           2   3.4807985803815972E-003
           5           4   1.0772114973172136     
           6           1   1.0938217543985544E-002
           6           2   2.1622175255883625E-003
           6           4   5.2044541197305304E-002
           6           5   1.6514826787818102     
           7           1  0.46253444097122709     
           7           2   1.8156042762144709E-002
           7           3   6.7767555299598648E-003
           7           4   4.1214232657068466E-002
           7           5  0.13456814998696590     
           7           6   1.2170468660951970     
           8           1   6.9716218555083325E-003
           8           4   3.9938732629601842E-003
           8           5   1.6401325578548689E-002
           8           6   9.2612103545436850E-003
           8           7  0.94778432129187251     
           9           1   7.3883571752646916E-003
           9           4   7.0568134892893368E-003
           9           6   9.8132342939265902E-003
           9           7   5.3645391331125312E-003
           9           8   1.0079095486622560     
          10           1  0.48883131698503046     
          10           2   1.8704370870460011E-002
          10           3   6.8449927806436143E-003
          10           4   2.0015291820616819E-002
          10           5   2.7737694754994130E-003
          10           7   1.3140737457968550E-002
          10           8   5.2752983473063489E-003
          10           9  0.94888332757117455     
          11           1   2.0711524486170890E-002
          11           2   4.3134871596403968E-003
          11           3   2.6361485701823745E-003
          11           4   7.5924862252313863E-003
          11           8   9.5049427095480685E-003
          11           9   1.0609221347504458E-002
          11          10   1.3066274526558304     
          12           1   2.3764693040805553E-002
          12           2   4.2752049201749539E-003
          12           3   2.2243924736594914E-003
          12           4   4.3456150876945597E-003
          12           7   2.8858423216324195E-003
          12           9   1.3571811143461060E-002
          12          10  0.15629378693170942     
          12          11   1.5490886380658766     
          13           1  0.74065906652466440     
          13           2   6.9843793090564668E-002
          13           3   1.8741431516657258E-002
          13           4   3.5359856899471409E-002
          13           5   5.3216800866699270E-003
          13           6   6.4467874453219068E-003
          13           7   2.2501767826790722E-002
          13           8   6.4449323166546101E-003
          13           9   2.5570237354342945E-003
          13          10   4.7850422895047894E-002
          13          11   5.0220667208921072E-002
          13          12   1.1182434035596360     
          14           1   9.7431592311105174E-003
          14           2   3.2095852498395232E-003
          14           4   2.1916331677232790E-003
          14           7   2.8276641165035595E-003
          14          10   3.3379999784744190E-003
          14          11   7.8640274484924645E-003
          14          12   1.1822455712348252E-002
          14          13  0.92537934150031087     
          15           1   2.4916922804821717E-002
          15           7   4.4438711974490470E-003
          15          10   2.2245451579209451E-003
          15          11   8.3660173545343271E-003
          15          12   1.2040445873436788E-002
          15          13  0.90974959776493369     
          16           1   5.8977451158978272E-003
          16          10   9.5475601319394456E-003
          16          12  0.96471538191874995     
          16          13   1.1597894637728152E-002
          17           1   1.1663453015302503E-002
          17          11  0.95762377719420122     
          17          13   1.5988601615762828E-002
          18           1   3.1707051236143880E-003
          18           7   8.5961982982247880E-003
          18           9  0.97058562644455371     
          18          10   2.3876631857619179E-003
          18          12   2.2182226020093661E-003
          19           9  0.96603144892597859     
          19          10   4.9693732799194149E-003
          19          11   6.2181756692464094E-003
          19          12   5.4529293876453850E-003
          20           1   4.3098642735114089E-003
          20           7   2.8945014108380821E-003
          20           8  0.97095179450915814     
          20          10   8.6487919962669000E-003
          21           5   4.2982875213144478E-003
          21           6   3.6911299862104449E-003
          21           7   5.3757607299072200E-003
          21           8  0.96419505615266510     
          21          19   9.3765052327862922E-003
          22           1   1.0963126992587150E-002
          22           4   1.6854619643447855E-002
          22           6  0.95796230959111439     
          22           7   2.0345507977025837E-003
          23           1   5.4887161278085444E-003
          23           4   1.1186860632452783E-002
          23           5  0.96428307921417444     
          23           7   1.1174129500529345E-002
          24           1   1.0795591234647919E-002
          24           2   3.5144325983199050E-003
          24           4  0.92929830397415691     
          24           5   9.4144283560017306E-003
          24           6   8.4893829913503267E-003
          24          10   3.1805786132398329E-003
          24          13   2.6600660823282397E-003
          25           1   2.5281162585907367E-002
          25           4  0.91619492895566346     
          25           5   1.0734559417682338E-002
          25           6   9.1113375275773800E-003
          25           7   2.4044280533664043E-003
          25          10   4.1242835010992370E-003
          26           1  0.28055023008211738     
          26           2   1.6442305288443374E-002
          26           3   7.6239351558712145E-003
          26           4   1.6573494807907055E-002
          26           5   2.9535977165200174E-003
          26           6   6.6952159325306283E-003
          26           7   4.5011458284321793E-002
          26          10   6.3607704234673245E-003
          26          11   2.1926822014685815E-003
          26          13   1.3153971445345415E-002
          26          15   2.4404435768213117E-003
          26          25   2.4712316411534081E-003
          27           1   2.9871235271247891E-003
          27           2   3.5369450933929354E-003
          27           4   3.3848783996578056E-003
          27           9   2.1530468980795105E-003
          27          10   4.0021783918843881E-003
          27          26  0.95022792124155142     
          28          13   9.4588529433566361E-003
          28          26   7.1602447896685567E-003
          28          27   1.0185423495966062     
          29          15   2.6357649343784562E-003
          29          28  0.97195125520710857     
          30          26   1.1376587316262260E-002
          30          28  0.97779224389559538     
          31          26   3.3040405873434697E-003
          31          28  0.97847010752939390     
          32           1   3.2997324524327537E-003
          32          26   1.4284655120640716E-002
          32          27   1.0133766178233441     
          32          28   3.3607322036138666E-003
          32          29   1.0787389413951352E-002
          33          26   1.1970851069784684E-002
          33          32  0.97665547169682132     
          34          26   4.2991020114967055E-003
          34          32  0.97941734906738498     
          35          26   2.7380147328883537E-003
          35          28   1.0162288043776320E-002
          35          32  0.98001979004291506     
          36           1   2.5952363249558521E-003
          36          26   1.3930881632706617E-002
          36          27  0.96695640782644821     
          36          31   1.0232900032965789E-002
          36          34   1.0285688718625991E-002
          37           1   2.0055351481665949E-002
          37           2   2.1421047042975106E-003
          37           7   7.2495195125909309E-002
          37          10   2.1010104426162218E-003
          37          13   2.3068456357215532E-003
          37          26  0.91101747674516531     
          37          28   7.6843407842587660E-003
