$coord
         -1.127538849873         -0.159933977768         -0.337475937727     fe
         -4.369792308780         -0.151144583176          0.084416457362     c 
         -6.562081176930         -0.118157529329          0.341211360604     o 
         -1.012527031294         -3.313450872406         -3.084911563296     p 
          1.417689332444         -5.012700544506         -1.280337249136     c 
          0.859304788315         -4.792622879281          1.397851817940     c 
         -0.385932193832         -2.806251357943          2.152432261701     n 
         -0.760226287341         -1.986112459853          4.749015523232     c 
          0.274986907560          0.730958016134          4.893856929975     c 
         -0.459450856601          2.001945896070          2.571916916966     n 
         -0.311854568913          4.516466040302          2.259291139317     c 
         -0.676678930636          5.670690181842         -0.071678490606     c 
         -1.265725746268          3.425742520142         -2.505461277405     p 
         -3.466290930638          4.185091597911         -3.869162725135     h 
          0.499146156730          3.735650351634         -4.521028254524     h 
         -0.683712989358          7.722861174849         -0.300996702225     h 
          0.118201530357          5.682541945649          3.934911413684     h 
         -0.458238628725          1.709311227430          6.595726979796     h 
          2.367142373827          0.626369545966          5.085312939011     h 
          0.184469568350         -3.255610019778          6.116568118691     h 
         -2.812365685086         -1.975637840650          5.145287945054     h 
          1.665576465128         -6.125556081403          2.785568935428     h 
          2.227936990269         -6.792876360415         -1.972619839771     h 
         -3.081132870446         -4.967854271986         -3.585858409440     h 
          0.007103256604         -3.203977242135         -5.567493742316     h 
          2.669838238702         -0.337349169621         -1.231663495232     o 
          4.705587616937          0.963789115966         -0.030038773548     c 
          5.897046439878          2.819609778552         -1.904414923294     c 
          4.486298824730          4.230412357237         -2.504740807601     h 
          7.499651316076          3.838224548099         -1.033773556470     h 
          6.589350513211          1.801889184216         -3.590890022081     h 
          6.627341016877         -0.945157992289          1.000964884553     c 
          8.211608788883          0.032262837050          1.944668474671     h 
          7.412174044413         -2.109237519569         -0.546057381513     h 
          5.734879808689         -2.220738666207          2.390293517924     h 
          3.934909231005          2.063343107745          1.572277578112     h 
          2.760962849450         -2.771799865760         -1.362189948372     h 
$end
