           2           1   1.2458073644324783     
           3           1  0.31361296011063239     
           3           2   2.1403316227309950     
           4           1  0.72318330941575959     
           4           2   5.1617236276117896E-002
           4           3   1.8944087167926182E-002
           5           1   2.1618852016416754E-002
           5           2   2.9526111042600927E-003
           5           4   1.0041745462621523     
           6           1   3.2903711158772962E-002
           6           2   4.5267999532863879E-003
           6           3   3.8122216516681203E-003
           6           4   3.2993650146804727E-002
           6           5   1.1900058957078870     
           7           1  0.46618567537713790     
           7           2   1.5939363764659011E-002
           7           3   5.3806430975773473E-003
           7           4   4.3848330419231044E-002
           7           5   7.9312239121868217E-002
           7           6   1.5621001882051624     
           8           1   5.5752147433900416E-003
           8           4   3.8000654334481797E-003
           8           5   1.8128181019272816E-002
           8           6   1.3325781848694289E-002
           8           7  0.95054399256609889     
           9           1   6.5577580042236175E-003
           9           4   7.6172975241109112E-003
           9           5   3.1461176062164043E-003
           9           6   1.7197628514806131E-002
           9           7   4.5484358867479875E-003
           9           8  0.99545755819118009     
          10           1  0.48045328310538038     
          10           2   1.7507692426776741E-002
          10           3   6.0777963600648190E-003
          10           4   1.8731519967459108E-002
          10           5   3.0958445155485521E-003
          10           7   1.3604673251742990E-002
          10           8   5.3595314286663497E-003
          10           9  0.95142291730193695     
          11           1   2.0995588345210970E-002
          11           2   4.5893627507601611E-003
          11           3   2.8357610084619252E-003
          11           4   7.2241495263348334E-003
          11           8   9.6571979685141137E-003
          11           9   1.0296720531001734E-002
          11          10   1.3066634340306724     
          12           1   2.3560616878908171E-002
          12           2   4.2261082852000061E-003
          12           3   2.3291171697746179E-003
          12           4   3.9533292854711140E-003
          12           7   2.9872458349699056E-003
          12           9   1.3905489079500621E-002
          12          10  0.15576114614705233     
          12          11   1.5488756181104533     
          13           1  0.74244826951460940     
          13           2   6.5076697892251831E-002
          13           3   1.8251030627821151E-002
          13           4   3.3021147224967108E-002
          13           5   3.4327527237126019E-003
          13           6   9.3120158382087540E-003
          13           7   2.0604899542352444E-002
          13           8   7.3150381622592783E-003
          13           9   2.5840362630378515E-003
          13          10   4.9067623070118027E-002
          13          11   5.0530585128833377E-002
          13          12   1.1198191341981081     
          14           1   8.9858070139813961E-003
          14           2   3.4771541988276584E-003
          14           4   2.4369590678867347E-003
          14           7   2.7056181271617103E-003
          14          10   3.0423544996448755E-003
          14          11   7.5211136618575326E-003
          14          12   1.2001120659269098E-002
          14          13  0.92688162276496266     
          15           1   2.5252367463481799E-002
          15           7   4.1793521709066785E-003
          15          10   2.5486539938232387E-003
          15          11   8.5880873281058666E-003
          15          12   1.2742996004819507E-002
          15          13  0.91242501192881775     
          16           1   5.9221188597419925E-003
          16          10   9.6635404938351897E-003
          16          12  0.96462120869679691     
          16          13   1.1547343202326988E-002
          17           1   1.1628812104166490E-002
          17          11  0.95783308107061360     
          17          13   1.6076157588635832E-002
          18           1   3.6247886377825354E-003
          18           7   8.0084396640364933E-003
          18           9  0.96988769726048296     
          18          10   2.9097547048503032E-003
          18          12   2.3702618118794055E-003
          19           9  0.96401718041447682     
          19          10   4.8958523996773702E-003
          19          11   6.0206284494064514E-003
          19          12   5.4370625787959776E-003
          20           1   4.4029994591768947E-003
          20           8  0.97159401590524797     
          20          10   8.1939800426532334E-003
          21           6   1.2970461313139314E-002
          21           8  0.96560946441867124     
          21          19   9.0720850875140018E-003
          22           1   1.3635423475830454E-002
          22           4   1.2252378688777057E-002
          22           6  0.95595110041754183     
          22           7   2.8747675762250159E-003
          23           1   5.1127505768770480E-003
          23           4   9.6561613495217448E-003
          23           5  0.97282981693694159     
          23           7   8.4593848079549394E-003
          24           1   1.2937077729239153E-002
          24           2   3.9258262438436158E-003
          24           4  0.92594772760522648     
          24           5   1.3760250357845956E-002
          24           6   3.1497321444396253E-003
          24           7   4.1128992098245195E-003
          24          10   3.5230931206181424E-003
          25           1   1.9314087466200884E-002
          25           4  0.93158980512572886     
          25           5   7.9896457738738384E-003
          25           6   4.8050853716459854E-003
          25          10   3.5170583881213718E-003
          25          13   2.6580932114432096E-003
          26           1  0.34500549253929713     
          26           2   2.3161197309639298E-002
          26           3   1.0599849924113884E-002
          26           4   3.4377140292909246E-002
          26           5  0.12822456211299268     
          26           6   4.4156890303067318E-002
          26           7   2.6876626412090487E-002
          26          10   5.8498094249676436E-003
          26          13   1.8816493527344963E-002
          26          15   2.8574915652526448E-003
          26          25   2.0585375572048062E-003
          27           1   4.2500981380068489E-003
          27           2   4.5447754885936231E-003
          27           4   4.3737492686249206E-003
          27           5   8.4803585798883946E-003
          27           6   2.2816008709385929E-003
          27           9   5.4180843608135363E-003
          27          10   4.5879081548710543E-003
          27          26  0.95982494882670089     
          28          13   4.6413679813306595E-003
          28          26   1.7653661044471601E-002
          28          27   1.0056608341568838     
          29          26   2.9981692566278372E-003
          29          28  0.97753864784945332     
          30          26   1.0446712738600889E-002
          30          28  0.97834829580693150     
          31          26   5.2940194833579948E-003
          31          28  0.97885366242799488     
          32          26   1.4252104123302835E-002
          32          27   1.0094811350470256     
          32          28   3.6631162819640395E-003
          32          29   1.0555101619499687E-002
          33          26   1.1103696727466911E-002
          33          32  0.97773832580240350     
          34          26   2.7277207978040792E-003
          34          32  0.97882722700194502     
          35          26   2.3876025514390073E-003
          35          28   1.0291250388682770E-002
          35          32  0.98104901190445759     
          36           1   4.2659822965074850E-003
          36          26   1.3581776616425461E-002
          36          27  0.95940023027922428     
          36          31   9.8877579035470259E-003
          36          34   9.8966369719430541E-003
          37           1   8.8529797845417514E-003
          37           4   3.2128054732732177E-002
          37           5  0.47587591662255246     
          37           6   2.5153121606557399E-002
          37           7   1.4516655907262022E-002
          37          13   2.1130827267586989E-003
          37          24   2.1620651350349610E-003
          37          26  0.44617396124215775     
          37          28   2.1377374664448040E-003
          37          36   2.1718490309463353E-003
