$coord
    0.13399252506115      1.49825038063152      0.80320010147007      h
   -1.70151546175918      0.52160141030641      3.47113963372940      h
    1.67282796773611      0.31818571484606      3.57925907946873      h
    0.00616073099213      0.13644108970101      2.36081695230344      c
    0.01025488103890      0.18693832389933     -4.57400642057025      o
   -1.46234703288132     -0.42356495411023     -3.66416613298896      h
    1.42522303139169     -0.44170785492305     -3.58851417602143      h
   -0.08459664157945     -1.79614411035103      1.61227096260901      h
$end
