$coord
   -0.56599382970148     -5.85541923883004      0.17579397445508      h
    1.41946260903719     -3.09207061880188     -1.81829220923938      h
   -0.48507944137507      4.62742733579312      0.57582417138923      o
   -1.44118674321972      4.70891303950322     -1.00191515000472      h
    0.07851689967723     -3.23198240722986      0.53408100509164      p
   -2.24553477029544     -2.37403152020486     -0.57359159597832      h
    1.14164172513081      2.61366718306112      0.19810574997520      n
    2.09817355074651      2.60349622670917      1.90999405431127      h
$end
