$coord
   -0.85902332753396      3.56490334483476      0.04268683098855      n
   -1.55865658773543     -3.11941476117516     -0.40569967629100      li
   -1.52537799291415      0.75640427742845      0.49852084348254      b
   -3.36509950541289     -0.05959882637559     -0.72859954377821      h
    1.02854608816692      2.26357854634897     -0.54147430197493      c
    1.90801601158072     -2.17717910740286     -1.32599603171811      h
    2.83400525305222     -0.69170233513944      2.16360872526670      h
    1.53759006079658     -0.53699113851913      0.29695315402446      b
$end
