$coord
    2.71428454884925      0.70865160244523     -2.12643331779606      h
    2.70288890802969     -0.76085374068638     -2.12474533097575      h
    0.14396945670931     -0.01084827295979      2.86385641260232      s
   -1.46489163123873      1.90073969617962      3.46419078738440      h
   -1.04245335174533     -2.45226632180117     -2.04184196834419      h
   -0.46398569415709     -0.00314021778951     -1.42596675900407      be
   -1.57348551044398     -1.83019868572926      3.44753325496227      h
   -1.01632672600315      2.44791594034125     -2.05659307882894      h
$end
