$coord
    0.46390333200823     -0.86176722707795     -1.26680795417119      be
   -0.77201018573507      3.98159281752211      5.33181556318676      h
    0.38495326403307     -1.37274162810391      1.54052965630575      n
    0.75758599598831     -3.06479107775634      2.36481452399450      h
    0.62419224445311      3.78759060717877      5.14309125956155      h
    0.56117274968585     -0.24445529163193     -4.66823594462250      cl
   -0.05096464770494     -0.07084409448719      2.88155021302387      h
   -1.96883275272858     -2.15458410564359    -11.32675731727876      h
$end
