$coord
   -4.71586066640396     -2.24739382053900      1.38967493571305      h
    4.83869363777261      0.38528947603156      1.95340159680770      h
   -3.35147541949983      0.42950684643944      0.92343739626494      al
    2.64504045020684      0.30370869611709      1.58621255397866      b
    0.33690931260535      0.23960530441937     -1.72411414951030      be
    2.39839766889809      0.20186639032966     -3.25089734138804      h
   -2.36567439518111      0.43082629256788     -2.33773945980106      h
    0.21396941160198      0.25659081463398      1.46002446793502      n
$end
