$coord
   -0.13732322387227      2.61157075928162      3.85336644131663      h
    0.49062311114270      3.28087154077201      2.76822387397020      h
    0.24795306021394     -3.66694098793736      2.57242364161481      h
   -1.79540817347269     -1.44271767679475     -1.00693347186645      h
    0.07517403690324     -5.68757912300792     -1.65164458734222      h
    0.45948803211286      4.75281643563788     -3.35105667670960      h
    0.26041575285726     -3.23808834533330     -0.23179179631673      si
    0.39907740411498      3.39006739738181     -2.95258742466664      h
$end
