$coord
    0.00308023893277     -2.50141077879113     -1.06472459546027      h
   -0.00290327220117     -0.31693010591294      1.18127257805343      li
   -0.00036344901771     -0.82580414668845     -2.51262404350599      c
   -0.00118645075107      1.68975952343175     -2.24053753788162      c
   -0.00037480552938     -0.21401123378874      4.88430089975143      h
    0.00332518483942      1.18024291323885      4.50348521498469      h
   -0.00333611292883     -1.71513209178641     -4.38111792164165      h
    0.00175866665597      2.70328592029710     -0.37005459430003      h
$end
