$coord
    0.94390792610337     -4.94733089781512     -0.02022254249421      h
   -0.90676632079834     -2.71019804718824     -0.04236525656906      be
    1.98904824253705     -3.72746890305868      0.04088086596996      h
   -0.27218121989236      5.03544480371746     -0.02102951123610      al
   -0.40576528671907      0.75723418731071      0.01248563811599      b
    0.77985535364886      1.58092666239888     -1.85864172165625      h
    0.75245813854751      1.58057058389341      1.89653311972632      h
   -2.88055683342700      2.43082161074159     -0.00764059185665      f
$end
