$coord
   -0.76208400783593     -3.35622050548929     -0.71045097188068      h
   -1.53430673405941      0.13804202778610      3.67877742669122      h
    1.94536936138752      2.00367157706584     -4.45717048090640      h
   -2.59831582340905      1.07760203783670      4.10230419534992      h
   -0.21681582556152     -1.60692331679464     -0.80521342942249      o
    1.24189853753955     -1.38022882455613      1.66149851325028      o
    1.55568976621357      0.73930870566436     -3.89559946846168      h
    0.36856472572529      2.38474829848703      0.42585421537984      na
$end
