$coord
   -0.02210271659666      4.17012554900566      0.43334925907816      h
    0.62080511689680      1.38953701898146      0.10435819818405      be
   -0.03550707741081      3.88343818611853     -1.15975908750620      h
    2.84459093952637      0.18615109379853      0.30761523678880      h
   -1.99372693327689      0.37600677452977     -0.50758835886667      h
   -1.97891205740964      0.66805436282539      1.08566387237024      h
   -0.14581848184543     -5.90439585427209     -0.10997223385304      h
    0.71067121011625     -4.76891713098723     -0.15366688619533      h
$end
