$coord
    0.03016483283797     -5.00798589599634     -0.90475804641504      h
   -1.60762338291160      1.61377342837955     -1.66289595850253      h
    0.08434682289962     -5.40323423053260      0.45965634586750      h
    2.11219285370164      2.30204958235856     -1.12436189919488      h
   -0.58956235009286     -0.07676676994808      0.57529078697846      h
   -0.64013742915535      3.84497489684888      1.28521980568675      h
    0.57038879958274      0.46252797005437      1.56835593606049      h
    0.04022985313786      2.26466101883566     -0.19650697048076      b
$end
