$coord
   -0.31875397820905     -5.60380395459216      2.43861756434241      h
   -0.07876074166551     -2.55250467863172     -2.35542117585109      be
   -0.33811921056516     -4.93575162265042      3.69480973804846      h
   -0.06616322389250      1.28945926013286     -1.72018415171563      p
    1.66191641646779      0.92377017825051      0.37053199923682      h
   -0.12236695222785     -5.04143458304062     -2.86721549522368      h
   -0.31887866664164      8.60116143736135      0.52347551238619      h
   -0.41887364326607      7.31910396317022     -0.08461399122349      h
$end
