$coord
    1.87417797156010     -0.13947525148212     -2.24391142847966      li
   -2.04042327825776     -0.18064574852067      1.12346876344039      li
   -1.34793303240861     -0.11759095300964     -2.15421206640668      h
   -5.36057895226373      0.06262723805628     -0.71612459641563      h
    4.20498683667163     -0.17658824505796      0.44740378089752      o
    3.01121953225249     -0.28845658407413      1.93848832409206      h
    5.67401110529392      0.78131694559317      1.03112310935121      h
   -6.01546018284802      0.05881259849509      0.57376411352082      h
$end
