$coord
   -0.25852913060134      3.85577452993175      1.28655080615434      h
    2.27009390174227     -3.92431343543366     -0.04443735725397      h
    0.00781506935108      2.59361849157684     -0.02107039714783      o
    3.31599406619637     -4.27454499179089      0.85644443409972      h
   -3.04427151491298     -0.29597843803705      2.07622545327566      h
   -1.75482484983305     -0.11312804360993     -0.16148067905864      be
    0.78654235096934      3.33806453090144     -1.50864144503568      h
   -1.32281989291172     -1.17949264353850     -2.48359081503362      h
$end
