$coord
    4.65436843732146      1.30245541496936      0.06206715174920      h
   -1.26691340019106      0.57393306228941     -2.00252490451654      h
   -1.20969946700388      1.04615846269287      1.74549730685742      h
    1.28547638025297     -0.71125672318497      0.02250952428019      li
    5.21503409378328     -0.00290538299123     -0.09906293852599      h
   -4.56563279414279      0.28256680436771     -0.01316031937532      h
   -1.78610380891954     -2.38772431620476      0.28272338852766      h
   -2.32652944110045     -0.10322732193836      0.00195079100341      b
$end
