$coord
   -0.87208949547735      5.04266073547551      0.91527365178547      h
   -1.37011047034544      5.00656443696046      2.25423581190020      h
   -0.54844440102061     -1.28746062557297     -4.64493230985545      h
   -1.73047878714072      0.04855150412638      1.54678093003012      s
   -0.10481894356618     -2.24633658695354     -5.59753532178773      h
   -1.34377595891588     -4.02713659788133      1.57930801192724      cl
    4.23916169183160     -1.37565693722148      2.08959604692587      h
    1.73055636463455     -1.16118592893305      1.85727317907426      be
$end
