$coord
    0.02773744129732      3.76446469993241      3.67274861514097      h
   -0.02631775542491      2.67635872435154      4.58854866566465      h
    0.00803440344765      3.89548173256620     -2.22995667714584      h
   -0.89268236914913     -1.97523706870496      1.04782035140392      h
   -1.49842591994160     -2.61673419818251     -3.03596184763065      h
   -0.00166256304345      0.72538090422460     -1.64320291010347      mg
    2.38313253441147     -2.36891632341526     -1.51170727677008      h
    0.00018422840263     -4.10079847077200     -0.88828892055948      si
$end
