$coord
   -1.71947665906174      1.91931556038035      0.44363559796283      h
    1.15316279568285      0.00153337730606      2.09049637427744      mg
    1.30780328678182      0.00204875008375     -3.25481763252486      p
    3.40241450322366     -0.01386262602989     -1.39702245891283      h
   -1.69432744267774      0.00082145487154     -0.94929591025705      b
    2.88082343221114      0.00684598364128      4.78694834344263      h
   -3.61110795659896      0.00276080828634     -2.16118638978136      h
   -1.71929195956104     -1.91946330853944      0.44124207579319      h
$end
