$coord
    4.92756618754440      0.18129470334142     -0.61657547926285      h
    1.24369153706813     -0.64227752945618      0.39131911938636      li
   -1.71091712658735     -2.34260493541103      0.06452761295329      f
   -1.49747714267770      1.26810437516975      2.10103853126228      h
    5.10936525179200     -1.15094855444312     -0.13169792488228      h
   -1.08326594114712      1.36754818723051     -1.69561601964157      h
   -4.60769801218391      0.86139970983805     -0.17604176635665      h
   -2.38126475380846      0.45748404373061      0.06304592654139      b
$end
