$coord
    2.96953448234600      0.61645881959000      1.26063787214423      h
   -0.47821874493826      3.76587360685052      1.02027476860600      h
    1.10554088660913     -0.11053525965055      0.74151354302207      c
   -0.92460514008591      1.80301400319837      0.55466501251340      c
    0.15782169514211      0.91851194015143     -2.66646413814468      s
   -0.22864695018184     -5.40108415660782     -1.22353034752671      f
    0.27813383736022     -2.85772132215115     -0.62311650959605      be
   -2.87956006625144      1.26548236861922      0.93601979898177      h
$end
