$coord
    4.80230146511271      0.87547810851752      0.63896205818575      h
    1.71030781246821     -1.66811757625531      0.09961993406651      h
    2.01906290480474      1.00898713785522      0.13198538398347      p
    2.32892038188834      1.51873432993210     -2.48177280658881      h
   -3.63233633241797     -2.31236982612458     -0.16115221601645      h
   -4.12016523320576     -3.63158053384260      0.06886541587196      h
   -1.24443155803691      2.00263023101785     -0.01087185648570      o
   -1.86365944061336      2.20623812889980      1.71436408698326      h
$end
