$coord
   -0.10578452506634      0.25120872072404     -1.41745997564344      li
   -0.08595079096132     -2.86892218961521      2.97648215890222      h
    0.00094096651730      3.56454169171387      1.38396164165369      li
   -0.02886010353064     -0.55793832743356      2.95553992971438      b
    0.10923895202841     -1.39127041816407     -4.95450009507807      h
    0.13914070428186     -2.60310037228197     -4.19259952051880      h
   -0.07491242244816      3.55039857725433     -1.94254291841946      h
    0.04618721917889      0.05508231780257      5.19111877938946      h
$end
