$coord
   -1.53876826271319      0.35604768822546     -0.28358494885989      b
   -3.78697938638829      0.48793920915150     -0.25069645190446      h
   -0.54972460648806      1.38485511253771     -2.18213992840374      h
   -0.50482602915568      1.51119837198291      1.51823204405922      h
    0.19871100252354     -2.94561412394798     -0.38475052829413      s
    0.22085885467009     -3.44010288631844      2.14066419905377      h
    1.85302653964630      0.74641127200320     -0.28637529272190      be
    4.10770188790528      1.89926535636561     -0.27134909292888      h
$end
