$coord
   -0.99836775771535     -2.58446606171720     -4.24096440936878      h
   -1.18734468912502     -0.73837995755636      1.20599661274383      h
    0.22770310830648      3.12145327071272      6.29093322803719      h
    0.22868148656704      2.10062892766571      5.30185044380709      h
    0.50235308734481     -0.51004766064289     -4.34732427770543      s
    0.44533044296781     -1.68961240409842      0.68437651369267      n
   -1.05802187956401      0.68546488851547     -6.02007952969827      h
    1.83966620121824     -0.38504100287901      1.12521141849167      h
$end
