$coord
   -0.99790348044784     -4.97574736402169     -0.63422452456758      h
   -0.64791203916193     -4.28632601248621      0.56428882984700      h
    0.13088331045384     -0.44459654303756     -1.75512798728502      h
   -1.71228506866372      3.52382775910010      1.02032753737182      h
    2.35418310278162      1.77618867023983     -1.65565778084887      h
    0.77940799599281      0.81436198475318      2.95625564170728      b
    0.45738664085113      1.44362407451316     -1.49840497405000      n
   -0.36376046180590      2.14866743093919      1.00254325782540      n
$end
