$coord
   -1.59360526993556      1.11334943261914     -3.75130428261258      h
   -2.32976147796281     -1.53666421475088      1.46193141557410      h
    0.34014983021832      2.63455004685447      4.37422988794776      h
    0.45169942900909      3.59002616896507      5.42114076791963      h
   -0.07911108668030     -0.15736252417037     -3.16681363498159      c
   -0.17606533546692     -1.77854653971773     -0.34226305772087      si
    1.50316960484913     -0.34365842687176     -4.47515370382190      h
    1.88352430596904     -3.52169394292797      0.47823260769547      h
$end
