$coord
    1.59419354236608      0.58858903272905     -0.78219995144564      h
    0.86322785891095     -1.91842620505424      2.96617125195897      h
   -0.20259618567516     -2.43739681211067     -2.56182507205787      h
   -2.09814711513973     -0.68003709063475     -1.66902274505886      h
    0.02186497940893     -1.06901755056561     -0.58860945093432      b
   -0.26473499802522     -2.47166064924289      1.62458993307931      o
    0.28336551066876      3.23414333776649      0.10355138010392      h
   -0.19717359251458      4.75380593711262      0.90734465435452      f
$end
