$coord
   -1.96139193175836      0.04276272629074      2.12620752160702      c
   -1.51870700290461      0.00811556406350     -1.86501382139047      mg
   -3.41936225738672      0.08039027133107      3.61136492945864      h
   -2.49858685847164     -0.06318730199292     -4.96017028180279      h
    0.39635673662938     -0.00567943909612      3.45597052233272      f
    2.58680942676625      0.01617117145234      0.71476723334868      h
    4.02295580647045     -0.12292226971493     -1.94744281937264      h
    2.39192608065525      0.04434927766631     -1.13568328418116      o
$end
