$coord
    0.00110939451910     -0.37496608122266      3.52288642723115      n
   -0.00919957208407      1.22594858223094      1.14523103076354      be
   -0.07510801016039     -2.29302875961965      3.56443489910497      h
   -0.08476008854741      1.42136436805219     -1.54885269367741      h
    0.07779620082783      0.30926091744625      5.31510451953121      h
    0.04202395387984      3.64828327971700     -0.04966942969795      h
    0.07315154321983     -2.35279639784319     -6.57107230097063      h
   -0.02501342165470     -1.58406590876088     -5.37806245228489      h
$end
