$coord
    1.89947723671289      2.42330976502463      1.02267807844244      h
   -6.52292158720179      0.89630282808316     -0.70189391182316      h
   -0.53332564013634     -0.70672746874354      2.08548581965270      f
   -5.28459927279447      0.58703855572544     -0.07628724647108      h
    1.76387302997080      0.28659211383813      1.79039840141643      b
    2.26505616144070     -0.63937812343410     -3.47225151552952      h
    3.54971430383491     -1.00541791274137      2.35137614836236      h
    2.86272576817329     -1.84171975775235     -2.99950577405015      h
$end
