$coord
   -0.77507736320445     -4.32988967778160      0.06159914164020      h
    0.52600481957010      2.85920727793655      3.28496109961680      h
   -2.50192168962437     -0.50109856523763     -1.95593589913748      si
    0.16539575402137     -0.38708828051954      2.97573130220670      li
   -0.38712675894861     -2.44566237428331     -0.18763240459998      n
    0.44829576662359      4.00955962370171      0.19623471618464      li
    2.63673817110184     -0.87021458591213     -2.04488272092943      al
   -0.11230869953948      1.66518658209592     -2.33007523498143      o
$end
