$coord
    1.57342494924420     -4.16014087167705      1.43761924785880      h
   -0.44735433358539     -3.12605032468003      1.29000826499820      b
   -2.23215690655835     -4.24461059499623     -0.09180133874477      f
   -0.98561686517829     -1.17320768487823      2.32416817260132      h
    2.07876258217726      0.86846183142249     -1.96530437174158      h
    2.93732661915727     -0.16303183701117     -2.43966613877433      h
   -1.53110957737393      5.00616243638671      0.43673737829529      cl
   -1.39327646788278      6.99241704543351     -0.99176121449290      h
$end
