$coord
    0.46342544301050     -4.69059061838130      2.06329370267432      h
   -0.37146352055319     -0.81081527683076     -3.20055069291471      h
    0.55610950035054     -5.06140814037889      0.68382085985606      h
   -1.80680038858767      3.70371841252064     -0.81284771560353      h
   -0.41001283147765     -1.34433129995368     -0.13622319138615      li
   -0.22764157237067      1.49750419954432      2.03964762941278      f
    1.81520184785945      3.33456610810058     -0.78224649063446      h
   -0.01881847823128      3.37135661537912      0.14510589859567      c
$end
