$coord
   -1.73807787267803      0.64798341992385     -4.33081817477321      h
    0.00729394625516      1.57447835961324     -0.65055264913931      b
    0.00061527475274      0.71661784238487     -3.19699073277702      c
    0.00228194077168      0.46382735825824      3.69290748950525      mg
   -0.00210212504872     -2.98319860342192      2.72599127978315      h
    0.00572984757630     -2.83594252810676     -0.57030449209792      li
    1.72495296853085      0.65392860664337     -4.35212015724974      h
   -0.00069398016001      1.76230554470514      6.68188743674879      h
$end
