$coord
   -3.51003585590257     -1.75372427363446     -2.69832799392835      h
    1.34914237752662     -2.12050667944253      1.69013971645897      li
   -1.90001904323938     -2.53796527162052      2.31579281626421      h
   -2.01906247016514      1.32315540747634      1.40111962174853      na
   -3.71537987092055     -0.89957061782164     -3.82411621993560      h
    3.95088304843199      2.54842517485402      1.83786263705003      h
    3.16699928385849      2.02548536879377     -1.33563154779452      h
    2.67747253041054      1.41470089139503      0.61316097013671      c
$end
