$coord
   -3.66035686850201     -0.84371290923217     -0.37630325367114      si
    1.27446288513823      1.39671168980444      3.77452759376285      h
   -6.37704572110233     -0.28394102073664     -1.17105323270132      h
    2.52856523980748      1.00804417718931      4.33452054401994      h
   -0.93222431068722      0.05283711398299     -1.93844692751823      c
    2.70797722456511     -0.81987299453394     -0.82491187458605      mg
   -1.30009025580552      1.10128955770089     -3.70291197419250      h
    5.75871180658626     -1.61135561417490     -0.09542087511352      h
$end
