$coord
   -1.32507710289714      4.11022096053823      0.00105457283965      h
   -0.54191839187715      2.18292450057011     -0.00082032649044      c
    2.24659992472765     -3.44305422378585      1.10302483977008      h
    1.87909737315066      1.79942389952711     -0.00213755195224      o
    1.06757415029989     -1.27141277935572     -0.00307801022997      be
   -3.74619758345124      0.01975830645299     -0.00129523778467      h
    2.24919879878303     -3.44602329676097     -1.09453424815019      h
   -1.82927716873572      0.04816263281412     -0.00221403800224      n
$end
