$coord
   -3.78198060199282     -1.10147058954746      0.56451893672058      h
   -2.26854842960565      0.49444905713189      2.13968338394750      p
    2.82803974805629      0.09484169011952     -3.46463419943862      h
    0.91056118804143      0.32181619748958      0.41416181167148      b
   -0.60228646931349      0.65753988315980     -3.64240910319104      h
   -1.88783814965348     -1.23725913197483      4.17663195372332      h
    1.05640496785688      0.38344948941784     -2.43934044438730      c
    3.74564774661081      0.38663340420369      2.25138766095411      cl
$end
