$coord
   -1.65473211508076      2.61181077748653     -0.42197873443995      be
    2.90255637373175      3.70139473757560     -0.40061959401387      li
   -1.79018140652472     -1.28493918672161     -0.62869222926638      n
   -3.59201401757412      0.18433421767518     -1.14976114864814      n
    0.85983236046845     -1.22436912917453      3.40049996198538      h
    1.07644736731459     -0.49935541105351      0.91398847978432      be
   -2.23451045380501     -3.20763126757108     -0.81808811547410      h
    4.43260189146980     -0.28124473821656     -0.89534861992726      cl
$end
