$coord
    1.56865009432841      0.08085750956901      0.59593558083567      p
    1.74912803712426      0.33188051502984     -2.11308858401528      h
    2.33938962984139      4.38412109116897      0.25621854968706      h
    1.07122666757089      4.59629901291366     -0.39915101534877      h
    1.17148753793865     -3.35621157742297      0.37947764412303      f
   -3.43440360805688      0.71942212684929      0.45400352299535      al
   -1.26172500237216     -3.58860028549517      0.39818990530369      h
   -3.20375335637456     -3.16776839261266      0.42841439641925      f
$end
