$coord
    0.57681605281038      3.46473132646965      2.01160237320333      h
    0.19277788619329      2.55196006882748     -0.05607314653115      b
   -2.41436888263947      1.26777712853055     -0.06042666086849      f
    0.34561727476578      3.96590998430506     -1.85105578102867      h
   -0.59650419221396     -5.39889361231097      0.39499895032477      h
   -0.64553590188258     -1.49855095978603     -0.37563531559865      li
    0.79580504115839     -5.07579151923208      0.33095701019470      h
    1.74539272180817      0.72285758319634     -0.39436742969587      h
$end
