$coord
    1.51446445000105     -0.00676512183079      2.88873054635035      s
   -1.24796552081706     -0.00589759404486      1.22439044154320      c
    3.15432228690274     -1.82159133373871      1.91273454415389      h
   -2.79323474148416     -0.01850159264969      2.59183141173621      h
    1.95553382500822     -0.00556363483661     -4.32589987720064      cl
    3.12786621200752      1.86546687763556      1.97275522306536      h
   -4.11775617879939     -0.00327971409490     -3.94461075444215      h
   -1.59323033281893     -0.00386788644003     -2.31993153520620      al
$end
