$coord
    0.01843995239022      5.67372452378806     -0.51335124890305      h
   -0.20166687816015     -0.35038340584685      2.80515172039369      h
    0.03266003012366      4.64463469724943     -1.49471124151758      h
   -0.05220351320711      0.69531778738813      1.81413128803230      h
   -2.95702421016391     -2.87617648512888     -0.89809574622524      h
    0.03983002270145     -2.61115900509023     -0.58884726950662      al
    1.56460543296395     -0.67273432260220     -2.34787483265240      h
    1.55535916335189     -4.50322378975745      1.22359733037889      h
$end
