$coord
    0.08433781208894      3.16305786825627      3.34835647041543      h
   -0.08149891550537      2.88851243248680      4.73931047084553      h
   -2.07673017300579     -0.24976928222470     -1.15238341498377      h
    0.37731458076822     -3.16849506409518     -1.65540794647210      h
    1.71128757817214      0.38798498395810     -1.06781187169344      h
   -0.01582881933377     -0.51231836066256     -4.34391118320222      h
    0.00196698757611     -1.63265939210866      2.21685698371907      na
   -0.00084905076045     -0.87631318561007     -2.08500950862848      b
$end
