$coord
   -3.08652699085107     -1.94081816976700      1.46330758374325      h
    0.81695186021184     -0.02813592363061      2.55261417528016      h
    3.99876150969766      1.19573111303334      0.93020164979042      h
    1.76817120312467      0.96274694289745      0.61633974344231      b
    0.49062702592465     -3.58314945887739     -1.99156504211887      na
   -1.55045097889878      0.01828260628821      0.69163932133379      be
    0.19234220005685      2.16374735964327     -2.50905350724325      si
   -2.62987582926581      1.21159553041276     -1.75348392422782      h
$end
