$coord
    3.63968064331564      0.03493738241923     -1.41713998976057      h
   -1.38592412272129      0.03938397708884     -4.59073778007973      h
   -2.56038909475451     -0.00512544921450     -3.77001165368273      h
   -1.24911720925145     -1.99520489794515      2.56952905760107      h
   -1.30093573619330      1.95243318312355      2.61050275204214      h
    2.18555550530015      0.02822905924745      1.98600354171320      h
    0.56899666524214     -0.03887690534931     -1.27016980010758      li
    0.10213334906262     -0.01577634937008      3.88202387227417      p
$end
