$coord
    1.43131698547706     -0.00963626043091      1.42701564187539      o
   -1.92363542392671      1.94183198055159      1.93100517291011      h
   -1.81589901400817     -1.14772604095189      3.29084647440748      h
   -1.21303312037938      0.00092916218411      1.65921916815385      c
    0.71881105718730      0.01080691870579     -4.10715987899105      h
    0.23855406628530     -0.01270579588771     -5.44535140717034      h
    4.66911767723952     -0.00080548095298      1.29840714532294      al
   -2.10523222787491     -0.78269448321797     -0.05398231650836      h
$end
