$coord
    1.20795941533018      2.39331648536578      0.86384123215241      h
   -1.29595344500952     -0.01915149510888     -0.08814438023626      be
    0.25995485970863      2.29243832012080      1.96228725707953      h
    0.43764731876331     -2.34819399470915      2.03126196196173      h
   -0.76946079660146     -0.04704939013008     -3.75012914387229      s
   -3.05854557502964     -0.11115091141380      1.76514003384809      h
    1.78675370361316      0.23841454873086     -3.76314678282378      h
    1.43164451922532     -2.39862356285550      0.97888982189055      h
$end
