$coord
    0.39570128397963     -0.99373517525663     -4.72323388996318      h
   -0.01298994086010     -2.97947843769547      1.26468890457931      cl
   -0.38248471849940     -2.08483647383383     -5.20026632764963      h
   -2.88827458881078      2.47811806566744      0.33947131927926      h
    2.23002149390619      2.40977476499768     -0.80076705580578      h
    0.03397254415466     -3.07166549702578      3.72131092429579      h
   -0.01237897068214      2.11344615987780      1.21403390712729      al
    0.63643289681195      2.12837659326880      4.18476221813692      h
$end
