$coord
   -1.54183424580835     -0.22160022583404      4.31656183416616      h
   -0.33801295769116     -0.73077635464303      2.87419568431736      n
   -1.31959054602267      2.95666673396701     -2.70049192895154      h
    0.47786379198880      2.06241203676340      2.06893414549240      f
   -0.31332825300832     -0.12117024725889     -0.51273023382217      li
    2.31175014885079     -2.97407785026220     -0.46536330170671      h
   -1.68315308234643      1.98227610982818     -3.68186100095524      h
    2.40630514403731     -2.95373020256046     -1.89924519854027      h
$end
