$coord
    2.26660094745785     -0.43220492078143      0.41655288374727      s
   -1.30774890704570     -5.30869293865566     -0.74853448474730      h
   -0.74691365715825      0.95222958717525      0.64581378283139      b
   -2.88545456445841      0.40945511925847      1.06975470371651      h
    1.43376253374711      3.69315904095011     -1.94729999613873      h
   -1.93176383156320     -6.58285523901588     -0.83890295756287      h
    1.20815960280329      2.99297774623950     -0.01560992418033      c
    1.96335787621732      4.27593160482965      1.41822599233406      h
$end
