$coord
   -2.43092286791347      2.55203046365340     -1.34213918028424      h
   -0.79708734355733      1.33634875377001     -0.99207628649812      c
   -1.28440369465096     -1.40740586724687     -1.82229368930624      o
    0.50958177687090     -0.14000135198952     -3.08612499352065      b
    0.61842058605545     -1.10747829512307      5.30433264812357      h
   -0.03876117375495      1.44062458842333      0.92802414471217      h
    1.49713076515141     -2.11274712655800      5.79033187867053      h
    1.92604195179894     -0.56137116492925     -4.78005452189705      h
$end
