$coord
    1.86358109026010      1.95973852740284      1.39741904541168      h
    1.70069037487686     -1.19098925745389     -3.03188601953430      h
    0.06701065727404      1.80148411467043      0.70108357329400      n
   -0.26642142006827      3.37339335668376     -0.37800621769216      h
    0.18922175844903     -4.41831959198820      1.08357127801907      be
   -0.10137825742529     -0.94081776306219     -1.18427122737822      be
   -1.16227777103128      1.82379799909303      2.19488301538280      h
   -2.29042643233522     -2.40828738534580     -0.78279344750287      h
$end
