$coord
   -5.13823279796531      1.27406211523860      0.76507854641130      cl
    2.03551426176680      3.70000687764894      2.76088062215697      h
    0.84340924483109     -3.24713225255257      1.04459992739559      f
   -0.77092958909518     -2.46061938802154     -3.43558299533405      h
   -1.41480064831947     -0.72085329779695      0.53535621508946      mg
    2.49374973347619      2.48067759939689      0.54224638720496      s
   -1.78811303647968     -1.55084090052952     -3.88154216387991      h
    3.73940283178558      0.52469924661618      1.66896346095567      h
$end
