$coord
    0.17459326134314     -0.34756816161894     -0.67553033494018      li
   -0.31115698582446     -1.35346955068704      3.48474801631449      h
   -2.90715974072799     -2.17392959787254     -2.46586191077804      h
   -3.64153939732519     -1.14913673081954     -1.79472469911084      h
    3.23212168238108     -0.75642333073680     -0.76171035006644      f
    1.01944374394278     -1.37463293578200      2.93081591478677      h
    1.79957027118824      3.15094813313992     -0.38414750974417      h
    0.63412716502237      4.00421217437697     -0.33358912646160      h
$end
