$coord
   -0.01134344978972      2.84666836992829      0.18008573776479      b
   -0.97848189171627      1.89052648681527     -1.74939883345437      h
   -0.03641374699397     -1.49778697028186      0.53890025904147      na
    2.19832636748644      2.04997288700944      0.41088252790394      h
    0.00000664909410      5.12666957766577     -0.00476242756733      h
   -0.64257396518197     -6.27379162857753     -0.89902142617695      h
   -1.26688488177695      2.20403350960869      2.07328883693265      h
    0.73736491887834     -6.34629223216806     -0.54997467444418      h
$end
