$coord
   -3.39180701899599      0.11438566384952     -1.36499878567096      h
   -1.59548752539092     -1.27806029338724      1.31490135977666      li
    1.13454447305167      3.04035624279610      0.20930717597281      h
    0.23730390641094      1.40488734500394      0.71672870347930      n
   -4.45904732927973     -0.89794886145649     -1.37848723930318      h
    3.44996527436754     -0.74915637101885      1.58181907958984      h
    2.67987578904780     -0.88026189185138     -1.43680062023720      h
    1.94465243078866     -0.75420183393558      0.35753032639272      n
$end
