$coord
   -4.92243156021087      2.14491484656739     -1.03663872555391      h
   -1.27559848174093     -3.86943455633262      0.07267649726919      cl
   -5.25949007012295      2.19785958182249      0.34339378849026      h
   -1.12013884472700     -1.42870376747278      0.25317902663991      h
    5.77751652223099     -1.64146406044763     -0.33498039767289      h
    4.67906349416089     -2.54516160976804     -0.30532828983579      h
    1.64291312679467      2.16286717868058      0.48312066933741      h
    0.47816581361520      2.97912238695063      0.52457743132582      h
$end
