$coord
    0.34951037636819      2.89129545068314      0.00716953959134      h
    2.15335010983941     -1.21138499987444      1.95078830123282      h
    2.15479239752023     -1.21182446100497     -1.95056941835121      h
    0.92366414315552     -1.33567586579635     -0.00037631722181      b
   -0.78976106375634      1.32579468079092     -0.00035990853353      n
   -1.93288579318979      1.39326709213698      1.56296224542204      h
   -1.92465844772823      1.40246377809810     -1.56931427638203      h
   -0.93401172220900     -3.25393567503335     -0.00030016575765      f
$end
