$coord
    1.59888474004953     -1.27886908402251      1.87483510451764      h
   -1.12004406394674      0.75469470095254      1.20267053119193      be
   -1.20013433248665     -3.24277654647238     -2.73301009825312      h
   -0.24747508473059     -3.36554179218375     -3.78318873096825      h
    2.36257325412980     -0.11352161728924      1.46141855092547      h
   -2.53546565958594     -1.24321389893856      1.89695279174294      h
    1.85548704880918      4.27776884417100      0.01571651041594      h
   -0.71382590223860      4.21145939378288      0.06460534042747      s
$end
