$coord
   -0.88428274534257     -0.19357641053561      4.40009881649000      h
   -1.25265500982507      0.05064868598208      3.04428836874824      h
   -1.92966269234744      3.65778575295669     -1.68826082253682      h
    3.16429857621377      0.34099786437726     -0.88208770806973      h
   -1.39205790616991     -2.23296996411248     -2.62635266241530      h
   -0.13153465481206     -4.55221261651289     -0.18761387400877      na
   -1.86526872116978      2.25949905504673     -1.99023487451006      h
    4.29116315345303      0.66982763279820     -0.06983724369759      h
$end
