$coord
   -5.26653991528823     -0.05364952668449      2.72654803013998      h
   -3.85491907643188     -0.18671687759422      2.86731785742626      h
    0.80986249118630      2.98135106801260     -2.84141355091662      s
   -1.44290183833176      2.89170053336175     -1.59793653619379      h
    0.88314786753292     -4.83199915945459     -2.83659962980107      mg
    0.84714649837941     -0.56232642553824      2.35614330997635      f
    2.52897418713351      0.12658642408319     -0.29894691453319      al
    5.49522978581974     -0.36494603618600     -0.37511256609789      h
$end
