$coord
    0.24481697636410     -3.20501186714072      1.85784578238241      h
    0.12561472184259     -2.29232442208188     -0.01501842213148      c
    2.29775658668513      0.64749162778875     -0.01460527084566      si
    0.82146726552942     -3.70087569831468     -1.38135945609093      h
    0.38387390988775      4.83819252798050      0.02283189146547      h
   -1.87970527438320     -1.90829650829244     -0.42202508776467      h
   -0.04532240421687      2.96438622954052     -0.01206640860079      n
   -1.94850178170890      2.65643811051998     -0.03560302841436      h
$end
