$coord
    2.53920983134110      1.63697236225036      2.08177013698248      h
   -1.91277839635733      0.40599270763915      1.46251402657884      o
   -1.38078550439971      0.67365226937549     -1.92468074477822      mg
   -1.01622672552163      1.10114279092890     -5.09016762184332      h
    3.91413204708144      2.03692866542829      2.05021920837914      h
   -2.58026008741765      1.15213411082421      2.97521741278731      h
   -0.02258427823136     -3.26304472482390     -0.14332666220561      h
    0.45929311350517     -3.74377818162249     -1.41154575590065      h
$end
