$coord
   -1.96173695255740     -2.91508795339992     -0.01067781728800      h
   -2.18793989764021     -2.74063660955535      1.43538916519825      h
   -2.57559557106231      1.32541214641785      0.31262158565388      al
    2.55451444685546      1.87681996724744      1.81945577636733      h
   -2.32589598305366      0.00392817873147     -2.58923473572014      h
    2.41321910515252     -0.71141217663656      0.07322701843634      h
    2.34816559516683      2.07092956180865     -1.29654175530881      h
    1.73526925713876      1.09004688538639      0.25576076266112      n
$end
