$coord
    0.00056098581887     -0.98490760579095     -1.59639200373182      n
   -0.00105998437589     -4.19086712608787      1.50232881594715      h
   -2.65363169679827      3.64469032579343      0.13960350033010      h
    2.65322671594215      3.64700978663745      0.13591216559439      h
   -0.00272094054759     -1.96947808441895     -3.24049857368827      h
    0.00039664532806     -2.04191305172360      0.78619557820563      b
    0.00016477390472      2.25684147494028     -0.21951884923444      al
    0.00306350072795     -0.36137571934979      2.49236936657725      h
$end
