$coord
    4.57354051814025      2.49779097653190      0.22844198010140      h
    0.36784509003275     -1.89861174414208      2.07190358478776      h
   -0.58881255752154     -1.43759846735747      0.06715019291569      b
   -3.48548707875201      0.92365269349997      1.56795509536807      h
    5.23841803198719      1.43856034132930     -0.42748952767152      h
   -3.60952249746663      0.62068796760341     -1.62181273753117      h
    0.20764767964390     -2.28474748277440     -1.88645969590158      h
   -2.70362918606391      0.14026571530935      0.00031110793134      n
$end
