$coord
   -0.12699277342874     -2.86255764268040      2.77722011845438      h
   -0.00033586180144     -1.17706995363310      1.84239201304114      n
   -0.00084556384753     -1.48624403942714     -1.20138894278803      h
   -1.48845135414283     -0.08203908154958      2.40708037150935      h
   -0.00017610208447     -1.57673322651160     -3.05938398132062      f
    1.61783702346152     -0.30205777716673      2.43244067898268      h
    0.00187742749801      4.43106526174471     -2.41050028570190      h
   -0.00291279565452      3.05563645922382     -2.78785997217697      h
$end
