$coord
    0.16118602619074     -0.05017530032726      3.03701260600111      h
    1.71315143912728     -1.48498562667879     -2.64298550775678      h
   -0.09515552687525      1.75325059788073     -0.04987378016427      be
    0.14930097148466      1.35696462643096      3.41144746794018      h
   -0.08738222429797     -3.18563453342405      0.33825485127464      f
   -0.00870325624404     -1.17459581931963     -1.50158851366710      c
   -0.21963732238184      4.28570485724705      0.20587952122984      h
   -1.61276010700359     -1.50052880180901     -2.79814664485763      h
$end
