$coord
    2.99937863284222      1.45002280808125     -0.15394797292449      h
    0.20735281794414     -0.00411893106214     -6.30994435775574      al
    1.57085859949908     -0.00729706022763     -0.58013312614008      c
   -0.12128710011683      0.38543324369325      0.57401339201092      h
    0.96773603364035     -0.00663999751152     -3.16334058289840      o
   -4.48029693812558     -0.26039344432609      5.23520678836756      h
    2.33589217133040     -1.85738067274119      0.00165388274344      h
   -3.47963421701381      0.30037405409409      4.39649197659679      h
$end
