$coord
   -0.07085881834595     -0.74807820588427     -4.67878623538081      h
    0.47678403188524     -0.70801571211152      0.05100071815739      na
    0.17544008422080      2.83584669676577     -1.94619343827090      o
    0.29253442949986      4.72160186901614      0.45945197850366      si
   -0.78977511347503     -3.85035596966902      3.91621635571974      h
   -0.58403588694997     -2.51861671122400      4.39599921097180      h
   -0.07164546453408     -2.15774994794031     -4.95512217376149      h
    0.57155673769912      2.42536798104723      2.75743358406064      h
$end
