$coord
   -1.80670210938880      1.06003795498696     -0.00089618460815      c
   -3.69684105557743      1.84553759326153      0.00016459580529      h
    0.71520974637118      2.12483166564092     -0.00036968521303      b
    1.96328245925247      4.01091458940233     -0.00004815206721      h
    0.11201463889063     -1.21559601545375     -0.00178901887996      be
    0.89376785917538     -4.05447264605267      0.00041346967070      h
    2.44735896472473      0.19851197940145     -0.00123274272877      h
   -0.62809050344818     -3.96976512118677      0.00375771802114      h
$end
