$coord
   -2.27664919888984     -4.59882477232962     -0.00205089960082      li
    2.37475078444502     -3.50053618381583      0.00015640872255      si
   -0.86891272358825     -0.40283086806731     -0.00221716599704      be
    2.56633675927045     -0.03961658186680     -0.00572906572741      b
    1.67181482934834      4.80848842198141      0.00409155603878      h
    1.14565031400116      2.60787031744121      0.00049198794764      b
   -3.34134091235576     -1.37165825333217     -0.00121767229130      h
   -1.27164985223109      2.49710791998908      0.00647485090759      h
$end
