$coord
   -2.36622732322451     -3.50252553584918     -0.62932657954303      h
   -1.43978759896515     -1.99649470882600      0.15557466999311      n
    0.37565525455900      6.10462036574727      0.91695913612039      h
   -2.81840387313101      0.19734541230587     -0.39577092689738      f
    1.91930342535857     -3.80836436513435     -0.02582192679790      h
    1.14968357451242     -1.84327684601136     -0.16645229841661      c
    0.76106679939346      4.79714551316342      0.50773182301257      h
    2.41870974149725      0.05155016460435     -0.36289389747113      o
$end
