$coord
   -0.20280492220369      5.48137979247054     -0.05142575615308      h
    0.67576580956331     -3.59335845322487      1.84795747802170      h
   -0.52486970305234      1.48767565665805     -0.00055438854811      li
    1.59817666697468     -0.88638769356567     -0.65050732183961      h
   -2.08315059291534     -1.30231136743613      0.60872248200210      h
   -0.08212156861729     -2.45944591211156      0.00011905929039      b
    1.16199931619456      5.06777354772096      0.05532926004307      h
   -0.54299500594389     -3.79532557051133     -1.80964081281644      h
$end
