$coord
    2.27502609418443     -0.03714120869985     -0.82141839461991      h
    0.01387425416862      3.88263315931259     -0.05776559016717      f
    1.52104279103298     -1.82924837657714     -0.96840883168671      n
   -0.01783069199983     -2.53949028976090      1.12408657331299      b
   -2.20875239463942     -0.00116102404882     -0.87345957770505      h
   -0.04273508319981      5.53517784476819     -0.67891107929172      h
   -1.48842507440793     -1.80319222207280     -0.99866096906619      n
   -0.05219989513905     -3.20757788292128      3.27453786922379      h
$end
