$coord
   -2.34808529511557      0.08861451384966      1.29911498804238      o
   -0.44454921635479     -0.37527842025845      4.36111354826827      al
    3.43212449786862      3.07914015615478     -2.15012905921381      h
    1.30456676773003     -2.09580265530071      1.67302684706206      h
   -3.89541744395737      0.92905581827372      0.80592081445042      h
   -0.45143875055833     -1.47353718324553     -0.38355987413947      be
    2.84902302914980      1.91618584829386     -2.73154405563818      h
   -0.44622358876239     -2.06837807776735     -2.87394320883170      h
$end
