$coord
   -1.82645757907048      0.10906712454906      3.66927967625980      h
    4.81353181024692     -0.75497943533602      0.01399289179465      h
   -1.80404266729416     -0.90421366675805      2.66447486037555      h
   -0.25711539166155      3.02350930252706     -0.53541775924608      f
   -1.75531635967528     -1.16215410950274     -3.08293912620445      h
    3.89732052036752      0.26709121412115     -0.35862550002246      h
   -2.28803074984271     -2.48111386337714     -3.10338552119070      h
   -0.77988958307029      1.90279343377669      0.73262047823369      h
$end
