$coord
    3.04780305171870     -2.88812134017500     -0.00027608408417      h
    0.80499985640496     -1.50992972894358     -0.00238830885415      be
    0.24928010817428      1.51789674706756     -0.00182899917438      c
    0.29076342314818      3.58086922623598     -0.00357068225851      h
   -2.18674690534991      0.18983600179907      0.00128544714761      b
    4.11119047976509      0.71234699934378      0.00228360695733      li
   -1.91706986013926     -2.26811150667939      0.00246342168460      h
   -4.40022015372207      0.66521360135158      0.00203159858170      h
$end
