$coord
   -3.39370178964383      0.36804002974657     -3.09379537107146      h
   -3.53848333251185      0.39497622349627      2.50276412610659      h
   -0.57108691189501      0.35763621332106     -0.21816765849671      li
    4.02165692118042     -2.24414810560146     -0.73768396306845      h
   -2.11076411713132      0.35770320052122     -3.73650943074457      h
   -2.29190252669111      0.19079912479540      3.18793460841410      h
    3.85736382544680      0.44853308564684     -0.30624717481324      p
    4.02691793124593      0.12646022807412      2.40170486367375      h
$end
