$coord
   -0.00082589839655      1.40028970048131      0.50425013400934      n
   -1.65854574487792      0.76215369789044     -3.01694637121297      h
   -0.00030001685570      0.03334749868595      2.47682636824735      c
   -0.00174142520007     -2.06284624377426      2.43812034552524      h
    1.67440281982017      0.74146483408483     -3.00372426134044      h
   -0.00048261560087      0.13405506768632     -1.92943228476227      c
    0.00086366283228      0.94894423122378      4.33647209532191      h
   -0.01337078172136     -1.95740878627834     -1.80556602578815      h
$end
