$coord
   -0.34293823405140      1.29826661076052      0.50514404432925      c
   -0.67411170684179      0.28489425361951      4.90309670229057      f
    1.43764338655664      0.38519916752309     -0.95980397875808      c
    3.32335484125580      0.24606945067935     -1.75128701198247      h
   -1.37131906241569     -0.26075654641527     -1.61102682934606      c
    1.95466495650918     -0.48964053018689      3.39763698502885      li
   -2.26940297619383      0.72302744291896     -3.19611843409878      h
   -2.05789120481891     -2.18705984889925     -1.28764147746326      h
$end
