$coord
   -1.09048267574953      1.59829541696081      2.20521455918133      h
   -0.00000712071507      0.00000455610285      1.44471651316903      c
    0.83850697473982      1.74386812012435     -2.20517262938565      h
    1.92929263547928      0.14533105399076      2.20543172088653      h
    0.00006258592302     -0.00000927839897     -1.44470656488561      c
   -0.83873895517181     -1.74375106808009      2.20514229682917      h
    1.09064777978248     -1.59819410171700     -2.20525754663403      h
   -1.92928122428819     -0.14554469898273     -2.20536834916077      h
$end
