$coord
    8.40184999924975     -0.82950635021025     -3.68223757107073      h
   -4.31403474484080     -1.43505404024524      1.61045390659019      h
   -7.16392867186765     -0.08696544302450     -0.04543343988846      h
   -5.26505860906772      0.14493259620704      0.70475496188196      c
    7.65624644845097     -0.18053255050425     -2.66071180416549      h
    3.39666917030862      0.58535467146485      1.28864542814100      c
    1.60842888393053     -0.16211174291729      2.22245812656488      o
   -4.32017247616367      1.96388285922961      0.56207039194663      h
$end
