$coord
   -2.24934920149875      0.94458353476230     -2.01617586453500      h
   -0.04519948279704      0.39865949021408     -1.99967552345233      b
   -0.18114434248950     -1.11998268258047      0.08619321414476      h
    0.63905923757844     -0.72467986134034     -3.88525125492422      h
    0.49256880746800      0.71015137388264      4.72407796098870      h
    1.52524948279225      1.80488257342875     -1.15461324356723      h
   -0.49983014070863     -0.02563340913006      5.42756803437416      h
    0.31864563965523     -1.98798101923690     -1.18212332302882      h
$end
