$coord
    0.10601439479992      3.79868265856101      1.92502464762583      h
    1.23392016033029     -5.91929124778184     -0.05991264774582      h
   -2.53276075923083      2.03347637208188     -0.04821143741266      h
   -2.23767486976243     -1.66693494081775      0.09930089754244      mg
    0.19554453029898      3.70630035556734     -1.98094507106382      h
    1.01083196510185     -3.86659390338486     -0.03646172394030      c
   -0.18649032143672      2.61784089881019     -0.00868369502187      b
    2.41061489989897     -0.70348019303597      0.10988903001622      al
$end
