$coord
    1.53777816402845      0.19600563533155      0.65460084485042      c
    1.65641673741857      0.32492739871095      2.72833432548850      h
    3.16095491655115      1.08893189073184     -0.29026794796136      h
    1.05969107597983     -2.59008519252700      0.01797383954903      n
   -1.01323270539245      1.03685365750120     -0.54900758156304      c
   -4.04097788370561     -0.90980321406030      0.28543035250000      s
   -1.31378672218953      2.52944874243351     -1.92832428476495      h
   -1.04684358269041     -1.67627891812175     -0.91873954809860      c
$end
