$coord
    2.76387432578271     -1.97921720898858      1.00430821841366      h
   -3.18048496045663      0.00004671959626      0.90027961559813      n
   -1.01966207945532     -1.77786422623597     -2.22856297613553      h
   -0.90259037555332     -0.00087747384001     -1.19931689612497      c
    1.66205602114156     -0.00015555072432      0.89650843946247      b
   -1.06118609215062     -0.00175059874890      1.84847183177250      c
    2.75629575032808      1.98312556737041      1.00607729216914      h
   -1.01830258963645      1.77669277157111     -2.22776552515542      h
$end
