$coord
   -1.83669643994901     -2.32460411468133      1.12249806352506      h
   -2.68431022078184      4.47749643468608      0.21298898597073      h
   -0.33242388712049     -1.35000548132974     -1.74737395339834      h
   -1.35880206235502      4.28602442403049     -0.26139869160865      h
   -0.09791478600847     -2.43953246732052     -0.00009564201395      c
    1.48124357777270     -1.65883973384785      1.09208957209214      h
    0.29556247206138     -4.41987441851413     -0.46670753386334      h
    4.53334134638073      3.42933535697703      0.04799919929637      h
$end
