$coord
    0.00029495636456     -0.30470581050656     -2.93152957967535      c
   -0.01415156612352     -2.33937061770163     -3.29202843241510      h
    0.01406918684814      0.88273079440927     -4.62018787823042      h
    0.00160888206228     -1.34221209656543      5.14873680440514      h
   -0.00040290070865      0.82655712118848     -0.28582496584813      b
    0.00205197402141     -0.96056701719758      1.61756457712092      o
   -0.00334181228287      3.03224834570842      0.22719334344994      h
   -0.00012872018135      0.20531928066505      4.13607613119303      o
$end
