$coord
    0.00417722679903     -3.90820624926561      2.11240985202147      h
   -0.00236136464870     -3.50539660225745      3.47999520241887      h
   -1.83448979196572      1.48441643412208     -3.24079081741904      h
    0.39465522055160     -0.98557333389887     -2.90645467718845      h
    1.43760673317010      2.16043915008499     -3.34232750195722      h
   -0.00246943522430      2.20072763429643      4.73725431080024      h
    0.00117976623563      0.99255769960807     -2.38870803679782      c
    0.00170164508239      1.56103526731034      1.54862166812198      mg
$end
