$coord
    0.02625603618404      1.41157772049604     -5.32152538511766      h
   -2.19512828549773     -2.50271296508188      2.32093539731010      h
    0.02910903191983      2.68776848345005     -0.94061471508318      h
    2.38987437563890     -2.17487224200606      2.52942002429837      h
   -0.00597355778300     -0.83821370479412     -3.77521514875018      p
   -0.00535595217912     -0.71575326473013      2.09296646767031      si
   -0.01360202722959      0.76668302457237     -0.90799846919136      n
   -0.22517962105331      1.36552294809376      4.00203182886358      h
$end
