$coord
    0.04948724716752      3.37439338777818      1.25957547871364      c
    0.04011614810371      2.48754810344773     -1.90015764354062      s
   -0.15172104552106      5.37964124176977      1.66795680321206      h
   -1.65204139517007     -4.28411462765035     -0.20529346112878      h
    0.53037853708736      2.03256107792092      2.73524316433214      h
    0.30028031317581     -0.06042715474410     -1.51512238812836      h
    0.78998789317489     -5.13678318213860     -1.54156500828912      h
    0.09351230198182     -3.79281884638358     -0.50063694517099      o
$end
