$coord
   -1.57875612364661      0.73810507955822     -2.36430681392378      p
   -0.40346317676067      2.49010431768529      6.63083518305839      h
    1.97268798322529      1.53506705381538     -3.43344989898415      c
   -0.07064056599775      0.91338643140042      3.84518748779666      mg
   -2.09334941072320     -1.50699198272630     -3.84947159530054      h
    0.06099544447620     -3.13475319947848      0.26951880296212      h
    1.83760707194512      0.03499408907293     -1.49994244753623      c
    0.27491877748161     -1.06991178932744      0.40162928192755      c
$end
