$coord
    1.41429986649078      2.39714479542776      1.13160127160219      h
   -0.30905781207978      1.41097031762708      0.58467716722169      c
    1.41443603655183     -2.39725257548406      1.13112334419933      h
   -0.30908242979078     -1.41093305980032      0.58458976827987      c
    2.28922906742882      0.00007171670662     -3.02951084187497      h
   -2.04308127096865      2.37396998484385      1.14873216891848      h
   -0.41366630409286      0.00007288836779     -2.69965866855855      p
   -2.04307715353938     -2.37404406768873      1.14844579021198      h
$end
