$coord
   -1.58355990539373     -0.00375485120373     -2.29660952154317      h
   -1.36454664736421     -2.52386856202520      1.73632989558718      h
    0.34120021320677      3.38904777140675      0.23866611496382      s
   -1.82911925123433      3.17720551372690      1.60119636095350      h
    0.16155053591865      0.08109544588579     -1.18467243528179      c
    0.33261025979267     -1.85003519474150      0.78125656131285      c
    1.78562075666546      0.07446467421315     -2.47660359210521      h
    2.15624403840874     -2.34415479726214      1.60043661611279      h
$end
