$coord
    1.04189492042433      0.30225920008291      3.52739120523389      s
    1.56231007715782      0.46661710087930     -1.07982138646397      h
   -3.34644735763452      0.06072556956134     -1.69395960114229      h
   -4.65244192388816      0.27499152003697     -1.16222335047680      h
    3.09292793907887     -1.18982361701584      3.94748247956466      h
    1.45157398482601      0.08241802701452     -2.88778406848234      o
   -0.46007412912595     -1.72457918564089      3.03787554754840      h
    1.31025648916160      1.72739138508171     -3.68896082578154      h
$end
