$coord
   -1.86076157797032      2.86511688617389      0.34912979218757      h
    0.10325967284741      2.24618501726051     -0.00079379126859      c
   -0.03672645887407     -5.86705770993147      1.61296962399818      h
   -0.63127071881129     -0.29050661376996     -2.59529539369681      h
    1.10935448211497      2.23399167209005      1.81255308983223      h
    1.03223989789062      3.63905441168167     -1.24901451705402      h
    0.04476886099800     -4.55978164964865      1.04972115857072      h
    0.23913584180471     -0.26700201385602     -0.97926996256931      o
$end
