$coord
   -0.81498434345214      1.72848229870551      3.25234958800058      h
   -1.98573262090225      0.00146836888594     -4.20473311849967      h
   -0.09069159075638      0.00155202255561      2.33182646698526      c
   -0.84779833923171     -1.71497555297917      3.24573654940658      h
    1.97586857734750      0.00273568926839     -4.00321492312271      h
   -0.06460411745036      0.00053190120110     -2.97548071659375      b
    1.97838820848761     -0.02271056295905      2.71986149803684      h
   -0.15044577404226      0.00291583532170     -0.36634534421316      c
$end
