$coord
    0.16784026690530      7.35938247332321      2.19998860110742      h
   -0.38167693036614      3.20889308708684     -1.54617127197942      h
   -0.34001690331377     -0.06228234730951      1.34440092652204      h
   -0.44992837336033      1.99984963282227     -2.29487707317225      h
    1.42261645540023     -1.93915000876302      2.67209660642491      h
    0.11964715988117     -4.77546836121286     -3.03585981577805      h
   -0.35392741173678     -1.55655243359130      2.41288317390502      o
   -0.18455426340968     -4.23467204235562     -1.75246114702969      h
$end
