$coord
    1.88241409525129      1.28615873407775      1.70786276060988      h
   -0.07479599698042      1.73101854590541      1.16334332869067      c
   -1.64464631592519     -5.16755791927461      1.43709800874757      h
   -1.30446277443138      2.60395537515478      2.56702424432723      h
    1.40923930464472     -1.44053442278725     -2.90428835524627      h
    0.51493613768226      1.33377798201520     -2.36528355934995      h
   -0.26706173357235     -2.84805998629454     -0.36629366216379      mg
   -0.51562271666894      2.50124169120323     -1.23946276561531      o
$end
