$coord
   -3.06137849524602     -2.55887482167130     -0.00100814162952      h
    4.04651421500643     -0.25538716515642     -0.00124176095855      o
   -2.65476440044734     -0.55104240376102     -0.00236100958284      c
    3.91993274439171      1.63084246723533     -0.00343765247718      h
    1.82370515797312     -1.45410531474342      0.00104197590105      c
    0.16939842893968      2.10997229748218      0.00062826632998      h
   -4.09027880522433      0.91121683280148      0.00535590717641      h
   -0.15312884539327      0.16737810781319      0.00102241524066      n
$end
