$coord
    0.34467512088221      1.54564919220228     -0.32670538685304      c
   -4.39574247133433      0.07616670298566      1.91190309996161      h
    4.24807426864291      1.38148914322040     -0.03535800387852      h
    2.53233174749140      0.20444750525589     -0.22801729293427      c
    0.21503336179426      3.62664950099119     -0.39935089889265      h
   -2.70852828056313     -0.26742671074979     -0.37910474603600      si
   -1.94523568705804     -3.09969106529093     -0.26216414305175      h
    1.70939194014474     -3.46728426861471     -0.28120262831536      li
$end
