$coord
   -0.83878709367116     -0.00660363268706      0.10217919356723      c
   -2.90468558113851      0.06967782466863      0.14299758421138      h
   -0.70147304004552      3.80854201969627     -0.57960729654215      h
    0.28554200463619      2.36594171571412      0.21037102013583      n
    0.34382474992686     -2.25536458585885      0.10023524699788      c
    2.40129357276818     -2.41563548502150      0.06970349842085      h
   -0.74491659078203     -3.99757571029442      0.16592836212758      h
    2.15920197830601      2.43101785378284     -0.21180760891861      h
$end
