$coord
    3.17070536671436     -0.40890326957733      1.38933202049591      h
   -3.56522314093475      0.40812352806882      1.94285702366023      h
    0.74351820603283      0.15597760954017      0.43035386967529      p
   -1.64151193214041     -0.03824862148437      2.49915137523173      c
    2.70390367167193      0.35900595867058     -3.70651744578675      h
   -1.16318592701155      0.07809901820640     -4.25052563269484      f
    0.93507502513468     -0.14641632921258     -2.77089874631441      c
   -1.18328126946708     -0.40763789421166      4.46624753573282      h
$end
