$coord
    1.34279017941190     -3.47570666159409     -0.24735412836887      h
    0.09351768510517     -1.86087639861095      0.11121716092606      c
    1.57904113219293      0.42663245970992      0.05735303022624      n
   -1.42659678619231     -1.86980795927891     -1.34284571515287      h
   -1.75061138995326      2.34665109926170     -0.54665647048926      h
   -0.82865037329739     -2.14953342260398      1.97069337279153      h
    0.04319780625530      2.46647245876827      0.19904865371363      n
    0.94731174647765      4.11616842434803     -0.20145590364647      h
$end
