$coord
    2.28675993805950     -2.27587700764852     -2.22668619433195      h
   -2.03802662486248      0.71240426106292      2.77466063914003      h
    1.42539720037688      0.20197136469253     -2.68121175231970      s
   -2.63268157630550      0.42340639839643     -2.08437709086102      p
    1.49219845920637      2.66702497449498      0.81273601472521      h
   -1.12479853807719     -0.20402519992452      1.15022042232322      c
    1.54299110944388      0.71906918567842      0.69877519439546      n
   -0.95183996784147     -2.24397397675224      1.55588276692872      h
$end
