$coord
    2.01907124218815     -1.09692092612326     -1.40210264769574      h
    0.77792466959104      4.40821408248715     -0.25815767218536      h
    1.25181335360825     -1.92593677215552      0.17104180473019      n
    2.01793004845109     -1.07166575636818      1.72052316206713      h
   -2.04495025872684      0.00189052941658     -0.58228842952893      h
   -0.33586331643431      4.41221266233701      0.62527223119654      h
   -2.24640859571542     -3.11822406854954     -0.58143798131255      h
   -1.43951714296195     -1.60956975104422      0.30714953272875      n
$end
