$coord
   -0.01037635997569     -1.14282168799913      0.99745138166492      c
   -0.01884289178234      0.87719850053170      2.89048799478989      c
   -0.00285385726781     -1.69731616700258      3.48567672425196      c
    0.00863933508615     -3.16338040447030      4.93227501480166      h
    0.03046101084676      3.69779980068341     -2.31517568930747      h
   -0.01436521739850     -1.10766180727928     -6.15966620818314      h
   -0.01030088286938     -0.92845991735205     -2.94484534676827      mg
    0.01763886336078      3.46464168288822     -0.88620387124954      h
$end
