$coord
    1.61038839287830      0.12436576679696      2.91570797806640      n
   -0.85854357890945      0.07588858195578      2.85587817076495      c
    0.97110620579631     -1.97722753735592     -2.17755201328104      h
   -2.40236556804563     -0.40026837909605      4.14301712320613      h
    1.75886490807897      1.16093626130911     -3.08019544061181      h
    0.04843150123863      0.82639802526665      0.56015528275374      c
    0.33408837830954      0.01544649682893     -2.09149510028732      c
   -1.46197023934667      0.17446078429457     -3.12551600061103      h
$end
