$coord
   -0.73806664549117     -2.98004582571031      2.00806580979168      h
   -0.42400508174058     -1.02305845304033      1.40466929780614      c
   -0.96165698243293     -0.63194852416949     -1.37774558561489      o
   -2.53831709628814      0.77621844818155      1.44243786678070      c
    1.49817660164961      0.24479310060982     -1.87493396466981      c
    3.10541360589811     -0.02240570027938      0.90242381139040      p
    1.80962240277805      0.91770159687844     -3.80003349258056      h
   -1.75116680437293      2.71874535752972      1.29511625709634      h
$end
