$coord
    1.82461550032569     -3.14979117824762      2.20760411706964      h
   -1.14544348492749     -2.55684312190063      0.41209518181837      mg
   -0.33145217041887      3.19853700705270     -0.19275503428404      c
   -1.04773372446187      4.99845481563558      0.91801736585155      o
   -3.91511942160655     -4.17201214379713     -0.11361474037094      h
    3.34655864286040     -0.40015194517946      1.15128896807275      li
    0.77773376333217      1.00450128354006     -3.21452112283222      h
    0.49084089489653      1.07730528289652     -1.16811473532514      c
$end
