$coord
   -1.10542572186512     -0.15061330989684      4.42113560216707      al
   -1.10417585070653      0.01226689956051     -1.47736315852169      n
    5.00227354195154     -0.66515066676621      0.33418767070254      h
   -2.05378646577552      0.07937325393560     -3.14461173752933      h
   -2.26882978359709     -0.01429401574378      0.81938473905909      c
    0.80646711401016     -0.05350384374550     -1.61490180000868      h
   -4.34326877563757      0.06015576909829      0.59004760431579      h
    5.06674594162011      0.73176591355790      0.07212107981521      h
$end
