$coord
   -4.61944050067152      0.64381175976406     -0.28135801282440      o
    5.79692323818626      2.66269349442782      0.53725415824403      h
    0.08785503684250      0.80697120543642     -1.85180560188812      h
    4.54575846391827      2.35282068583019      1.13611318659710      h
   -2.83350026747919     -0.89222216735192      0.10199825043847      n
   -3.27100236912568     -2.46833411185167      1.20198698420891      h
   -0.48334813133301     -0.78814407858347     -0.69149966591653      c
    0.77675452966239     -2.31759678767142     -0.15268929885944      h
$end
