$coord
   -1.99676101265209     -0.07870232523627     -1.75875181208227      p
   -0.36652773501176      3.16765996331063      1.15017830565222      h
   -0.41974324968258      1.32968674511555      1.10785348520622      o
   -5.69558449675548     -2.60449083159083      2.97219240244778      h
   -0.80174375710811      1.67564639292203     -3.48659894562427      h
    2.08058749067448     -0.99592627278720     -0.18667894075364      al
    4.45072950686977      0.70315532055905     -1.52428895258347      f
    2.74904325366577     -3.19702899229299      1.72609445773745      h
$end
