$coord
    0.04475541379010      0.39988155321805      2.83993875445650      c
   -0.02036808898268     -0.23620212418133      5.32235018911534      f
    0.02959190978096     -1.32090171383350      1.01523044118727      c
   -0.03682146148262     -3.33719758463776      1.42732872967996      h
    0.10785518449188      2.44646805947002      2.58228990799314      h
   -0.11418719457475      1.56221768189725     -6.80554286808907      h
    0.08844749110023     -0.70526946039450     -0.94700259254587      h
   -0.09927325412315      1.19100358846177     -5.43459256179726      h
$end
