$coord
    3.63020773559143      1.38965988898396     -2.81363082430852      h
    3.04864205836606      2.57914287824264     -2.21531859249934      h
    3.16228367073220     -1.98880277738052      1.08598806606863      h
    1.22395950425176      0.13893814130062      0.37846264667767      al
   -4.76601766921417     -3.71305298498057      1.97384877951807      h
   -0.17983669508880      3.06778773424578      0.94155758310829      o
   -4.37179995871039     -2.48560260817291      1.36220684466614      h
   -1.74743864592807      1.01192972776097     -0.71311450323096      o
$end
