$coord
   -0.63887003972152     -1.16441779406553     -3.24530758978380      h
   -0.97524130959990     -2.67757489949830      6.68188539544102      h
    1.61479533597088      1.63423773219284      2.10652728133617      h
   -0.12506748668459     -1.48275791274842      5.70308205967939      f
   -0.10080670956948     -2.05037286033599     -4.77534180638111      o
   -0.48706111703640     -0.86637465905491     -6.12340080024078      h
   -0.28333064599271      2.17434575206331      0.24061017885891      p
    0.99558197263369      4.43291464144703     -0.58805471890977      h
$end
