$coord
    1.47356890114576     -1.64328808904395      4.34818519205388      h
    2.58288925795327      1.53907145378977      1.49687473740545      h
   -0.28790429480362      0.12848355537491      3.75074800654108      s
   -0.55414465759325      3.39521482502294     -2.11604051036607      h
   -0.65411049331135     -2.95780550568990     -2.95189353250876      h
    0.42867087425230      0.04392046064834     -0.46301827516267      li
   -1.17777252960398     -3.27529729754405     -1.65592578786429      h
   -1.81119705803911      2.76970059744191     -2.40892983009864      h
$end
