$coord
    1.85296196076167      5.18471433693870      0.00535201665362      h
    0.07864945005932     -4.58706483491200      0.00138667519150      h
    3.14975892379325     -1.15198719875060     -0.00166432944899      h
   -0.51564952451859     -2.60148307945291      0.00026155255059      c
   -3.06769789468574      3.26915874824785     -0.00506618625912      h
   -0.06748935841619      2.84295861435516     -0.00023143660146      al
    1.13340456080552     -0.66149347530916     -0.00129343509365      c
   -2.56393811779922     -2.29480311111704      0.00125514300750      h
$end
