$coord
   -2.04085838642162      2.88947308581745      0.02836320742920      p
    2.57459422282875      4.15938673816901      0.73760833376355      h
    1.22866453577469      2.62761865192086      0.34974446055083      c
    2.31051046642170      0.31890023611734      0.04588217626173      o
   -1.34715971768735     -3.64080169170439      0.74398751135844      o
   -1.72822778660380     -3.40293999545619      2.52405551927704      h
   -0.63065105487284     -1.03496656390461     -0.88180421310554      si
   -0.36687227943952     -1.91667046095948     -3.54783699553525      h
$end
