$coord
   -0.10517492930188     -1.89687619745562      2.55120988185818      h
   -1.60830752890424      1.08259059842919      2.03749610171644      h
    0.00169450232847     -0.10501496794543      1.48047929201569      c
   -1.58934677793201     -1.26156599308667     -1.91917031391610      h
    1.72727327837879      0.89451017370581      2.05973014562173      h
    0.03480154595585      3.04874835423533     -3.03312036252543      h
    1.53572634483126     -1.37155161534865     -1.90700219834743      h
    0.00333356464373     -0.39084035253393     -1.26962254642308      n
$end
