$coord
   -2.28010126576363     -1.33418182996322     -0.90522594011343      c
   -1.54476709575877     -0.85294771043211      2.83287807691881      si
   -1.86617701145391      1.08144579791707     -0.82798792303116      c
   -1.76011783804206      3.40868632280905      1.43918895350265      p
   -2.82549891880052     -2.86853990424785     -2.15077781823485      h
    1.36230930319949     -1.02727906150820      2.82524567502560      h
    4.68870742017433      0.52850791713353     -0.99075741010279      h
    4.22564540644510      1.06430846829171     -2.22256361396485      h
$end
