$coord
   -0.92370468947241     -0.97392811316440     -0.01244539970896      li
   -1.05718975192609      4.80431118529568     -0.00824626792603      h
   -4.11167316323415     -3.44913132101141      0.02511417393912      h
   -0.16811506052233      2.91184929062146     -0.00907720053747      c
   -2.94953496513431     -4.28666902709564      0.01765797935482      h
    2.72128333369873     -2.94492838756371     -0.00601363542361      cl
    3.53422685214769      0.61560500345636     -0.00382760219541      h
    2.95470744444290      3.32289136946164     -0.00316204750245      s
$end
