$coord
   -0.18395515871316      2.17522686627051      2.68507808053115      h
   -0.06799861830146      2.82236389905456     -1.93497821279166      h
    0.12991688786336      0.39940377646637      3.03279920216000      o
   -1.77524750347181     -1.96211247739579      0.46139631354276      h
    0.23950037356903     -0.63101469304305     -3.79405605452563      h
    0.13334754180439      0.55064863170361     -1.85520570306033      b
    1.46544597100566     -2.44914518588704      0.73563510286257      h
    0.05899050624400     -0.90537081716918      0.66933127128114      c
$end
