$coord
    0.00945652735025     -0.65960601951424      0.70472748317563      si
   -2.36381488565662      0.83833843725998      0.98270183603783      h
   -0.00217480660973     -3.84427783489560      0.01869915633485      c
   -1.75350098553525     -4.89728874220341     -0.25169552084491      h
    2.39378266141879      0.79969731360344      1.07573336244221      h
   -0.52056180063246      6.34381330210331     -0.67936286495345      h
    1.74237519469039     -4.92453800533751     -0.17707784548803      h
    0.49443809497464      6.34386154898402     -1.67372560670411      h
$end
