$coord
   -1.19596452043681     -0.07771004051748     -3.70937365643469      p
   -0.11948730157951     -1.71823835302929     -1.18126456159400      c
    2.05149781447208      3.25820608492176      1.53334992784748      h
   -1.22407796638588     -0.54414111629224      2.43875880783166      mg
   -0.08064885016219     -1.46356851440260     -5.81608941050082      h
    1.09512132654729     -3.36760887846662     -1.52062286582404      h
    1.74888557320841      3.72038342852873      2.85094928930944      h
   -2.27532607566340      0.19267738925774      5.40429246936495      h
$end
