$coord
    0.14256948338631     -2.03178749718753      0.21919119387339      c
   -1.18985637871272      4.27641529980589     -0.16757451146366      h
   -3.18635789155677      0.10908211877413     -0.08760032726548      h
   -1.12430268336203      0.16641076272697      0.04254134607199      c
    1.39626448499414     -4.09797241541118      1.23678046735517      c
    0.14887082560689      2.65474457560810     -0.02495173840352      c
    1.38516632990062     -4.05653794274087     -1.28958363651386      c
    2.42764582974356      2.97964509842449      0.07119720634598      o
$end
