$coord
    0.07401899117655     -3.25225075549279     -1.63211016697530      h
   -2.10634912376702      3.23450601208336      0.21160720185377      h
   -2.34603327123850     -0.78942159133601     -1.49395077217132      h
    0.03183656055564      2.89480078633609      1.66959440096554      s
   -0.57844969653711     -1.52383303300734     -0.68996095120597      c
    0.20672384751217     -1.50642787175172      2.94187344455147      si
    1.48028895420401      0.27490395727903     -0.00475755714507      c
    3.23796373809423      0.66772249588938     -1.00229559987310      h
$end
