$coord
   -2.60799954011548     -0.75323259645849      0.00062480556885      h
   -0.55938205448312     -0.46822818263775      0.00190665104588      c
   -0.92672180955149      3.76898960451056      1.94671665540861      h
    0.71114014101350      2.79304554630450      0.00209892256291      p
    0.26228016642191     -4.39756707357299      0.00039536166629      h
    0.99005521131345     -2.46438040122124      0.00165080735951      c
   -0.91369823360025      3.76316805468528     -1.95644233819145      h
    3.04432611900145     -2.24179495160986      0.00304913457941      h
$end
