$coord
    0.33716874160327      0.16856119810613      0.74054311487966      c
    0.19350027521226     -0.00749558044960     -5.80103846560967      f
   -1.34185821554037     -0.02255354050154      2.67061454227954      c
   -3.38195503235029     -0.06727113813771      2.95316132094390      h
    0.33560464757909      0.35221033208838     -1.31095395828619      h
   -0.57828729233829     -0.19055003825020     -7.37575155736057      h
    1.37042047682001     -0.05678188783740      3.32735262012437      b
    3.06540639901429     -0.17611934501808      4.79607238302894      h
$end
