$coord
    0.03057953623813     -3.91776325166542     -1.58379036970740      h
    0.00318070804718     -1.50405239844672     -0.12873104392513      p
    0.00422738502040      5.14540791425030     -0.18010870595239      f
   -0.02662747371614      1.00574634086886      1.45885192188483      h
   -2.69903166549267     -1.31787581794042     -0.31250816499012      h
    1.55478267750203     -0.25254184001537     -1.96904578453629      h
   -0.01165334055621      3.54544991194811      0.68947996229464      h
    1.14454217295726     -2.70437085899937      2.02585218493186      h
$end
