$coord
    1.12573535272385      0.40510194833833     -2.06347726502149      n
   -0.91843825027332      0.18877311632571     -3.44150309982999      c
    0.07204693923227      2.06025040433025      0.86490531518310      si
   -2.47731355878076      1.28718086830162     -2.38733187964313      h
    2.76949631536887     -0.40536209984951     -2.67996033812002      h
    0.39646579740143     -2.41521394428830      2.34031766346750      h
   -0.89592902502151     -0.51059207149522      4.55118032432446      h
   -0.07206357065084     -0.61013822166288      2.81586927963954      n
$end
