$coord
    0.97756905064568     -1.26972378933703     -0.70242994960220      p
   -0.37142582053926     -0.89276904897573      4.76956884243260      cl
   -1.63031978772056     -0.31696999619672     -2.37119781023675      n
   -3.14406738553052     -1.49235307126754     -2.23642980207604      h
    2.68938704591237      1.19755091490547      2.59590972370889      h
    0.87789441954215      0.74194611770195      2.05689902305384      n
   -2.14806211711791      1.53894558117054     -2.30976630074335      h
    2.74902459480803      0.49337329199903     -1.80255372653700      h
$end
