$coord
   -1.22383716897238      5.59126140363555     -0.59396639306369      h
   -0.73338357055324      4.34451644997393     -1.07358171382778      h
   -0.88783380226032      0.05127689732882      2.33724892578949      h
   -0.84317816650332     -4.21992055568281     -2.37741321660037      h
    2.18289226470548     -1.56990590188442      2.55512367451018      h
    1.10882094414546     -0.38022178137153     -1.27491889898276      o
    0.47917684386228     -1.21387322248532      1.44086445119694      c
   -0.08265734442393     -2.60313328951419     -1.01335682902199      b
$end
