$coord
   -1.93839458459741     -0.09954520472599      2.63013495345346      h
   -1.17033825396058     -2.38554771449977     -2.69672422420219      h
    0.00022052864965     -0.00039307570224      1.89176409675827      c
    1.05538007891820     -1.62863581899032      2.63282671956727      h
    2.64989761200854      0.17793057389293     -2.69678345031080      h
   -1.48107514711226      2.20608286944542     -2.69429482327951      h
    0.88409091836046      1.73042329425871      2.62431146316333      h
    0.00021884773339     -0.00031492367872     -1.69123473514981      si
$end
