$coord
    1.22546541642674     -2.79259842117065     -0.25930970996736      h
   -1.18408953125834     -0.35129832955613     -5.85606664031759      h
   -0.75765742613975     -1.35072755358996     -4.93460343165934      h
    1.40731599630054      1.56458140059537      4.15891065505939      h
    0.78770701110712     -1.97558706156594      0.91163884267413      h
   -1.64165919511277      1.61960261834981      4.03247412682055      h
    0.24020915481900      2.07049757836433     -1.00945424636009      na
   -0.07729142614251      1.21552976857315      2.95641040375032      n
$end
