$coord
   -1.62235880468309      2.66063299366716      0.69254027770390      h
    0.00584611774806     -2.27346916555842      2.32840866297660      h
   -0.00121722488546      3.16986045206796     -0.20489241488848      n
    1.56974403759603      2.67684479188890      0.78598113084567      h
    0.00034056513948     -1.26263811116955     -1.69936808325658      c
   -0.00128774211559     -2.71275284672030      0.31391829854553      c
    0.05246310435030      2.47363078035930     -2.01102149526454      h
   -0.00353005314974     -4.73210889453505     -0.20556637666207      h
$end
