$coord
   -0.16455087756933      0.06617464713647      2.15225235903205      h
    0.31605263550503     -0.19660528715698      3.92223943089798      o
   -1.36254179934034      2.26885576952234     -2.67422503035762      h
   -1.27090323669606     -0.12840805346793      4.84069321128178      h
    0.21899207888667     -1.51513484624364     -2.31182035519386      b
    0.18038852254024     -3.73960895062371     -2.49302508814356      h
    0.22558151800202      1.09188802149874     -2.06830856800404      c
    1.85698115867174      2.15283869933470     -1.36780595951274      h
$end
