$coord
    1.19511198253665     -2.46845226250363      1.72817145307464      h
   -0.20711860582874      1.65531585518642     -2.66922167767222      h
    0.36576752523535      1.77538175465565      0.00020349196729      s
   -0.20765928879292      1.65730072776864      2.66912007254744      h
    0.23451604485921     -1.82864399537630      0.00030237886250      c
    1.21035647272529     -2.46830874581914     -1.71898537904886      h
   -1.73556472053920     -2.46984349349199     -0.00896895646135      h
   -0.85540941019566      4.14725015958036     -0.00062138326942      h
$end
