$coord
    0.30115413398599      0.64805057702300      2.41236502058470      h
    0.57974392252268      2.74837648877864     -1.81942002214460      h
    0.25125753266645     -1.20124457027699      2.79605788148653      o
    0.32746196659678      4.27399983584056      0.24005172592977      s
    0.25108856970239     -3.64568222536627     -1.28821539150058      c
    0.25988638136722     -4.76620695638764     -2.96708549913455      h
    0.25629180435297     -2.44374484925158      0.66532773392615      c
   -2.22688431119450      4.38645169964030     -0.03908144914744      h
$end
