$coord
    2.87550698256639      0.00198803939526      1.02944796986342      h
   -0.13837370389440     -0.00003644787771     -1.55206795949875      c
   -0.17303989233696      0.00032063403392      3.23850221228591      c
    0.45368807430925      1.70568339924719     -2.58380462662684      h
    0.93821896121806     -0.00091361390343      1.02832246812880      n
    0.50078047604123     -1.67527611195924     -2.60531465482850      h
   -2.25285656627817     -0.00237222238977      2.83219818243846      h
   -2.20392433162539     -0.02939367654618     -1.38728359176252      h
$end
