$coord
    0.92041287353429     -2.04667999821928     -2.57591057523878      h
   -2.50973488003556      1.00233942883704      0.09201203215053      al
   -0.42030411079301      4.40508523408137     -0.46712357794645      cl
   -5.35879752493001      1.28019844660897      1.02321799179192      h
    5.52459143937160      0.60012803292439      2.35825931373211      h
   -0.40429020951921     -2.85057977783842     -0.34515778334546      p
    4.73518482496034      1.53941380388142      1.63917894287313      h
   -2.48706241258845     -3.92990517027551     -1.72447634401698      h
$end
