$coord
    2.41808927007269     -0.62993582768988     -0.04857381954913      b
    0.00254316807696      3.10734743887759     -1.11275218067041      h
   -0.00041467047594      1.27439731909478     -0.18952920981124      c
   -4.63334058384421     -0.41960715379896     -0.27029262506954      h
    4.63581567691768     -0.41463335470935     -0.21999465015775      h
    0.00355674974820     -1.78196435302603     -0.94189016570159      c
   -0.00883600957547     -0.50522794506960      2.84636591566810      p
   -2.41741360091992     -0.63037612367858     -0.06333326470845      b
$end
