$coord
   -0.11148145749416     -3.55255865859081     -2.31167932717380      h
    0.56554698429058     -1.94960378826421     -1.18132357091999      c
   -2.86321876653017     -1.36804545904442      0.55911581359100      h
    2.60371947708153     -1.57921869109102     -1.37956663642760      h
   -0.04389413309050      3.30621078897374     -1.81363471770156      na
    0.59705168370892      4.32358445360159      1.92232827852119      h
   -0.89663272238176     -0.65601937757750      0.49676030533267      c
    0.14890893441559      1.47565073199260      3.70799985477809      al
$end
