$coord
   -4.43114484541019      0.25785750142378      0.80274480832358      h
    1.44901852212005     -2.67189272949001     -0.63940852069644      h
   -2.51639193635252     -0.13108066419936      0.11692509708055      c
   -2.10735468115990      0.84504707102093     -1.66102566738981      h
   -0.73024613450729     -3.14758153462050      1.25110116161793      si
    4.08051868289412      1.43591682606022     -0.87126689388919      h
   -0.76148608929172      0.91830175892692      2.03842385551410      f
    5.01708648170746      2.49343177087805     -1.03749384056072      h
$end
