$coord
    1.72680554866226      2.22344357793607     -0.24717610025320      c
    1.11072462916297     -0.45009006035873      2.13096604477197      s
    0.98421478670631     -4.12609929246060     -0.75684824530748      h
    0.02311263618638     -2.28586055237673     -0.64862679787215      c
   -0.41079737843282      2.91440064140662      1.21621675860000      b
   -2.23525150738003      3.94641733108111      2.00220917112390      h
    0.83067955981801      0.40118143856851     -3.17096526289130      si
   -2.02948827472310     -2.62339308379628     -0.52577556817171      h
$end
