$coord
    0.21051010450978      0.35934623059510     -2.18977061174627      c
   -1.66817878112087      1.10395949318809     -2.73760923755568      h
    1.48061868964067      2.00862457765326     -1.92608839156380      h
    0.79111138493149     -1.86195781526555      4.22725160331474      h
    0.92097016672447     -0.71946057386122     -3.81849988416821      h
    0.10732350802130     -1.41956147709299     -0.06188722095013      n
   -2.12273116501774      0.42623897910506      3.89719420882543      h
    0.28037609231093      0.10281058567823      2.60940953384391      s
$end
