$coord
   -0.51870314762117     -1.99279125319930      1.31813941126459      n
    0.08261709374556      0.72718480794895      3.66455817850091      al
    0.41148755073638     -0.67597148007666     -0.71576257330757      c
   -2.18256616517919      2.43336558510608     -0.39950603767954      h
   -0.12476527390948     -3.87561391619997      1.37673814411343      h
    0.66465778965699      3.03098914511500     -2.36499195390730      h
    2.00757535814138     -1.43494925940039     -1.81036224290771      h
   -0.34030320557047      1.78778637070630     -1.06881292607681      c
$end
