$coord
    1.03098896442034      1.65323963366928     -0.35789079144704      c
   -1.03267677800059      1.73165408161018     -0.30319494108559      h
    2.37509049443958     -0.46250347521691      0.75678021263929      c
    3.16199188078136     -1.45348942715801      2.38291772304522      h
    2.00084297971162      3.43728456398385     -0.73540532150104      h
   -4.78039782009804     -1.64023394745495     -0.62247360816765      h
    2.20224377105357     -0.74825515019411     -1.60125658627478      n
   -4.95808349230784     -2.51769627923934      0.48052331279161      h
$end
