$coord
    0.91659588935745     -2.28042720092352     -0.14749123146495      c
    1.17732735563801     -4.34583570385828     -0.24766383030008      h
    2.63010482201554     -1.11504986378042     -0.04052639849594      h
   -0.22332467429600      4.76097624168281      1.41092622633749      h
   -1.21602877915997     -1.16229067196630     -0.15058967718354      n
   -2.70054178655006     -2.41581406674630     -0.26848310503878      h
   -0.70333724459259      2.44194534634793     -0.28534592714016      h
    0.11920441758760      4.11649591924407     -0.27082605671401      o
$end
