$coord
    0.18365918701367      1.29846814694514     -0.62237643171442      si
    0.15031424597217     -6.74064859369412     -0.00392140139715      cl
    0.20850616644976      4.44055134973817     -0.36333341726494      o
   -2.14060590341588      0.31992617548910     -1.89464394944372      h
    2.59193429357643      0.60099326655990     -1.88906547751053      h
    0.12174966443953     -4.74425813449131      1.44865811552562      h
   -1.29128457770646      5.23412796569482      0.33313032580185      h
    0.17572692367077     -0.40916017624173      2.99155223600332      cl
$end
