$coord
   -2.27022866220841     -0.66097286672151      3.68756558217459      h
   -3.03678674756657      0.96928825976751     -1.38115111044724      h
   -0.98075525760088     -0.20792102922308      2.16262768435567      c
   -1.48138468896787     -0.13563238520232     -0.56127282276855      c
    4.30934909189032      1.45804289989759      1.59360534318563      h
    0.84683472439732     -0.03534392376451     -4.43777310471248      f
    2.14074086686883     -0.29025361991210      1.02899651895506      si
    0.47223067318729     -1.09720733484160     -2.09259809074267      c
$end
