$coord
   -2.08327250242542     -2.31519986529997      1.03104251824634      al
   -0.99794218468338      0.98715494494361     -2.34011231123132      li
   -3.84498832537022     -0.16129738782711     -0.64920124699395      h
    1.24065377047243      0.41433835566270      0.92337050970175      c
   -0.30445689540444     -2.96743678879568     -1.86890517833980      h
    2.56802304041689     -3.39526542670004      0.28395699539312      al
    1.90648702079417      4.69699671547823      1.50462683304581      h
    1.51549607619994      2.74070945253829      1.11522188017807      c
$end
