$coord
    1.73274989501003     -0.53803182604471      2.37021726058748      h
    1.32722402454105     -5.10814339639720     -2.61333619873583      h
   -0.52129276977422      0.42675104442900      0.91551808161663      si
   -0.67274751836344      3.75008835124641     -1.79813269561961      si
   -0.61711087186280     -5.31396510600283     -1.13126156035009      cl
    2.23902276423744      3.69522963626606     -1.57362482674195      h
   -2.85327387841058     -0.45854768848491      2.28588150422908      h
   -0.63457164537747      3.54661898498821      1.54473843501426      h
$end
