$coord
   -1.77270635890688      0.12312628647133     -2.22140213762566      h
   -0.00018934770608     -0.00329167638232      1.91083660159805      c
   -0.00090427417680      0.00340223698492     -1.16769504687318      c
    0.16655338414694      2.28509918315493      0.88310639295934      c
   -0.17122059464774     -2.29081645104407      0.87917935053254      c
    1.13649230646340     -3.87379454171380      0.96317930579444      h
    1.77022171090714     -0.12082871690963     -2.22191586831310      h
   -1.12824682608001      3.87710367943863      0.97471140192754      h
$end
