$coord
    0.18056209468628     -1.08756039047175     -1.51132665092317      c
   -1.49836649200530     -0.45050832812739     -2.58273376601246      h
    1.86183721355394     -0.38649326502372     -2.53085887191987      h
   -1.37557221883852      3.28743943823366      1.15248658258558      h
    0.20868616579526     -3.16420116580282     -1.56395438223969      h
    0.17140825527213     -0.59323317731793      4.41091197078959      si
    0.15261001103477     -0.19142730656857      1.13048239643048      c
    0.29883497050143      2.58598419507854      1.49499272128951      o
$end
