$coord
   -3.39153797994595      0.03321203435063     -2.73790858175509      h
   -1.96696762542619      1.83770565445594      2.93916952265510      h
   -0.15221019450093      0.02299470745191     -3.22672625502089      mg
   -0.02333905994629      0.03473682952403      3.53636528371138      p
    2.72046940892290      0.03850597091159     -4.82181887318048      h
   -1.70606609571656     -2.05641513248445      3.10194802823400      h
    1.34272014735264      0.01765172608043      0.53904937646096      o
    3.17693139926041      0.07160820970991      0.66992149889504      h
$end
