$coord
   -1.04435933102472      2.17849382043892      7.11631235278240      h
   -0.37449708590264     -0.59405963455462      4.00159544401801      h
    0.23480940610853      1.02788375369797     -3.13718979139466      h
   -0.19971449944119      1.28127652287400      7.83012680575076      h
   -0.29102914836760     -3.43440800692920     -5.49045880489183      cl
   -0.22512695699757     -1.86141415728282      1.90454304669550      cl
    2.25466323130973      0.84983823995419     -6.47335138613418      h
   -0.35474561568457      0.55238946180157     -5.75157766682601      p
$end
