$coord
   -2.58546799042847      0.62635214930134      0.58929552894053      h
    5.33248919503096      0.37546821095291      1.62598471721928      h
   -1.77067468722778      2.22101148142319     -0.31715339776832      n
   -2.64329701743744      3.93628216419781      0.25216172431582      h
   -0.83310828474227     -3.76134100188094     -0.94498530100425      cl
   -1.80716330008869     -5.79911319763947      0.03014702201813      h
   -0.05315064803796      2.08058919067706     -1.82596080349608      n
    4.36037273293166      0.32075100296811      0.59051050977492      h
$end
