$coord
   -1.48126649265871     -1.21797318263381     -0.35280959331171      h
    0.41780040151062     -1.96535411283536     -0.06357058654507      c
   -5.12841253407994      2.23840384021331     -0.12914722399401      h
    0.55416607854705     -4.00461804269113      0.20166095782920      h
    2.88260804450673      2.75338534424049     -0.38755223905620      h
    3.04514029295391     -0.03915918244101     -0.02642142712923      si
   -5.94109051239127      3.28026225112181      0.39267505270628      h
    5.65105472161159     -1.04494691497429      0.36516505950074      h
$end
