$coord
    1.53537131276823      1.66437062129041      0.87786813385860      o
   -1.16521759253251      1.74814151385508      0.50622242157185      c
    0.09589203083013     -3.43113217587194      0.56931840901968      s
   -2.29229319543197      1.29068975515476      2.18098115658062      h
    0.38641487799977     -0.24280885770897     -0.64861430223339      c
   -1.86212265378507      3.30783951613615     -0.66079964679552      h
    0.86156294737785     -0.14227779318564     -2.65800468178584      h
    2.44039227277358     -4.19482257966983     -0.16697149021602      h
$end
