$coord
    0.00107296613297     -0.80173162586340      2.63299939531747      c
   -1.77699809671553     -1.81107983647439      2.11779423043622      h
    0.00063871004842      1.18923366861416      3.77723591174988      o
   -1.52280844411039      1.66545972039262     -2.21156930835713      h
    1.77932556601906     -1.81268073218432      2.12193603140203      h
   -0.06192271706119     -0.50084674018743     -3.90695240154537      h
    1.57947816714218      1.59183533345697     -2.28678073917748      h
    0.00121384854446      0.47981021224579     -2.24466311982562      n
$end
