$coord
   -0.84348619849951     -0.35067374892749      0.59808537759134      c
    1.49058304666303     -0.97451136456385     -0.20617461161227      c
    3.04757827396929      2.20006544574660      0.73628950048684      h
    3.60377319865867      0.65807311370351     -0.10095210153010      o
   -4.43812985249563      0.63330563890927      2.05352370956180      h
    2.10115178023525     -2.92108294710542     -0.51074154486535      h
   -3.16031472446032      0.46417015637881      0.43719011034845      c
   -1.80115552407080      0.29065370585860     -3.00722043998069      li
$end
