$coord
          0.589759835298         -0.844992373846         -0.372228503492     fe
          2.711926545654         -3.348468276313         -0.049036971409     c 
          4.125048934630         -5.036118981825          0.126734215573     o 
         -2.221162761766         -2.619317435179         -2.807461523940     p 
         -4.940180083877         -2.975149605859         -0.535675415214     c 
         -3.917270152422         -2.583326292582          2.081967794847     c 
         -1.618936273028         -1.837868056053          2.387143977733     n 
         -0.448374400890         -1.485740929314          4.880836578331     c 
          1.042316858846          1.006676680827          4.796905074722     c 
          2.166850963614          1.182042136527          2.308438739259     n 
          4.113941822845          2.711939363796          1.768297534474     c 
          5.006777081272          3.014453897470         -0.681085588555     c 
          3.189571618684          1.250114803425         -2.896239812322     p 
          4.904601991992          0.031823732202         -4.587157825990     h 
          1.997432008201          2.877108898116         -4.684125107480     h 
          6.623522760166          4.214045982616         -1.139059352229     h 
          5.001068991376          3.759547733914          3.339028720560     h 
          2.474451260685          1.023862109282          6.327277492588     h 
         -0.283499621911          2.593121177352          5.175055079801     h 
         -1.874189066100         -1.519440537637          6.408113467276     h 
          0.868004277093         -3.084231912682          5.146872841055     h 
         -5.134996718995         -2.958576401214          3.733514903828     h 
         -5.886277380421         -4.833990851902         -0.681969298308     h 
         -2.160452235345         -5.117152465813         -3.853303261946     h 
         -3.305687037345         -1.336161067622         -4.883200768745     h 
         -1.982639458077          1.707931919966         -1.377702544484     o 
         -2.880457764326          3.648926502590          0.198793699862     c 
         -1.364489703487          6.089049078553         -0.226770290264     c 
          0.669023420877          5.732359246034          0.043965148674     h 
         -1.962121175859          7.609306091021          1.078883777597     h 
         -1.645268744861          6.755066435090         -2.186966208476     h 
         -5.702259531253          4.072026456789         -0.356749208581     c 
         -6.463443750564          5.691018684447          0.721928048995     h 
         -5.963889452317          4.449761356060         -2.393707860136     h 
         -6.828386606921          2.385612541578          0.140595072449     h 
         -2.716350394223          3.126152530225          2.232667476599     h 
         -6.367708966593         -1.517086914979         -0.969587940720     h 
$end
