           2           1   1.2151088416047116     
           3           1  0.30143219155562140     
           3           2   2.1572498320245970     
           4           1  0.73633821021553636     
           4           2   4.7273646093031869E-002
           4           3   1.7318202325377133E-002
           5           1   2.8166642981461775E-002
           5           4  0.95834320036809206     
           6           1   5.6749524914302497E-002
           6           2   1.0198780805739369E-002
           6           3   9.4058388301529721E-003
           6           4   1.6488257390777972E-002
           6           5   1.0255663035928442     
           7           1  0.49349146393707671     
           7           2   1.5533381774902027E-002
           7           3   6.5287558953903519E-003
           7           4   2.9566944344141179E-002
           7           5   1.6363632705937225E-002
           7           6   1.7582866871382288     
           8           1   7.3919725180704842E-003
           8           4   3.7539106677648964E-003
           8           5   2.1608207575804603E-002
           8           6   1.2242954040794542E-002
           8           7  0.94431965107521010     
           9           1   5.5638800823838725E-003
           9           4   6.8798478123041256E-003
           9           6   1.6871903078328480E-002
           9           7   3.7822471094850841E-003
           9           8   1.0001622804394268     
          10           1  0.46591482158288700     
          10           2   1.5453653841098433E-002
          10           3   5.6708867363847951E-003
          10           4   1.7780106866161036E-002
          10           5   2.5018574756754427E-003
          10           7   1.4043921215281131E-002
          10           8   5.5431775034574943E-003
          10           9  0.95598113903785786     
          11           1   2.0013186714900242E-002
          11           2   4.8065778449069034E-003
          11           3   2.8237540752116732E-003
          11           4   7.0332846537918270E-003
          11           8   9.7700982556979486E-003
          11           9   1.0007906593235579E-002
          11          10   1.3120559316074984     
          12           1   2.3285668476666018E-002
          12           2   4.3128653596613180E-003
          12           3   2.2961398125394359E-003
          12           4   3.7477804523587295E-003
          12           7   2.8854425558670471E-003
          12           9   1.3399064130651447E-002
          12          10  0.15768731599602812     
          12          11   1.5433038585212224     
          13           1  0.74130999917345242     
          13           2   6.2657880173385652E-002
          13           3   1.8292973220695678E-002
          13           4   3.5235499501952192E-002
          13           5   3.7500429971316922E-003
          13           6   1.0476733788675419E-002
          13           7   2.0037932058163711E-002
          13           8   7.3072889947489892E-003
          13           9   2.6051804798391557E-003
          13          10   5.0036372955973719E-002
          13          11   4.9276920549323804E-002
          13          12   1.1176711028046171     
          14           1   9.4146257364702644E-003
          14           2   3.4852478764873119E-003
          14           4   2.5600614227401651E-003
          14           7   3.0027204433669950E-003
          14          10   2.3326039505762032E-003
          14          11   7.0598997589916418E-003
          14          12   1.1720156284218729E-002
          14          13  0.92782993461329322     
          15           1   2.4186239166429410E-002
          15           7   3.8078248465279419E-003
          15          10   3.1713407663151393E-003
          15          11   8.4993925288798910E-003
          15          12   1.3102565433015367E-002
          15          13  0.91336386906875411     
          16           1   5.8804308157220826E-003
          16          10   9.5491989074284484E-003
          16          12  0.96484575253375393     
          16          13   1.1292563126927032E-002
          17           1   1.1474321714789636E-002
          17          11  0.95735593794020835     
          17          13   1.6055929790837052E-002
          18           1   3.4221219649489452E-003
          18           7   8.2681039382817498E-003
          18           9  0.96878447080693930     
          18          10   2.6656817146702419E-003
          18          12   2.3455970836881944E-003
          19           9  0.95984753410431833     
          19          10   5.5445283923426887E-003
          19          11   6.3341945108525794E-003
          19          12   5.6502010649895455E-003
          19          18   2.1096545713828537E-003
          20           1   3.6386886101000032E-003
          20           8  0.97221043659163975     
          20          10   8.1237023203010704E-003
          21           6   1.8032466346037421E-002
          21           8  0.96358226980719652     
          21          19   9.0581029340265351E-003
          22           1   1.3702723149333238E-002
          22           4   1.3436593214822519E-002
          22           6  0.95599642614277125     
          23           1   2.8759779510617351E-003
          23           4   9.5917189338476528E-003
          23           5  0.95411264847936961     
          23           6   2.4108575704536251E-003
          23           7   1.5194097608367818E-002
          24           1   1.2063475763520617E-002
          24           2   4.2487498084653802E-003
          24           4  0.93269279881580580     
          24           5   7.1293106838742730E-003
          24          10   3.7265827504366460E-003
          25           1   2.1842041129340357E-002
          25           4  0.93049169122699582     
          25           5   8.1252068661082071E-003
          25           6   2.8643811186725649E-003
          25          10   3.5505101740729689E-003
          25          13   2.2267205572447566E-003
          26           1  0.40929508274919674     
          26           2   2.6333463836766040E-002
          26           3   1.2084111334263596E-002
          26           4  0.11079101867846651     
          26           5   4.5002167471489178E-003
          26           6   3.0301227212684891E-003
          26           7   8.0971288143888050E-003
          26          10   8.4341622160245596E-003
          26          11   2.0764023201878326E-003
          26          13   2.7402452997711657E-002
          26          15   5.5339264325241630E-003
          26          25   5.9778872784175185E-003
          27           1   7.6082773580497757E-003
          27           2   5.9014264609480440E-003
          27           4   8.6383817959758847E-003
          27           9   8.7930444052135796E-003
          27          13   2.0779139828504254E-003
          27          26  0.98213841478944330     
          28           4   3.0021696356078375E-003
          28          12   3.4152384526169284E-003
          28          26   2.4426069491499822E-002
          28          27   1.0002824497874410     
          29          11   3.3892837827740703E-003
          29          12   2.5928385674187028E-003
          29          26   3.5839444713638034E-003
          29          28  0.97352207358635390     
          30          26   1.0466938229075871E-002
          30          28  0.98001311531341218     
          31          26   3.6817648584955161E-003
          31          28  0.97952599011635388     
          32           1   5.6448655475787278E-003
          32           5   5.8871976485008011E-003
          32          26   1.8138602595645332E-002
          32          27   1.0004213756540878     
          32          28   3.8242706012555582E-003
          32          29   1.0329374278390374E-002
          33          26   1.0135883676207196E-002
          33          32  0.97953383396710891     
          34          26   5.6595281972472381E-003
          34          32  0.97894706371938778     
          35          26   3.0432473872951758E-003
          35          28   1.0222429308154396E-002
          35          32  0.97667171475254155     
          36           1   5.4186300599880664E-003
          36          19   5.6182327545271690E-003
          36          26   1.8477463320931753E-002
          36          27  0.95275830500504488     
          36          31   1.0007653946839305E-002
          36          34   9.5756075582057940E-003
          37           4   1.1744311909389175E-002
          37           5  0.93983276103666746     
          37           6   6.1654636700903889E-003
          37           7   1.9886441795853034E-002
          37          23   3.4135023576333644E-003
          37          24   2.1366415557243696E-003
          37          26   3.4302000267888498E-003
          37          35   3.4304938924389202E-003
